rab.all	rab.win.Healthy.Metagenomic	rab.win.NASH.Metagenomic	diff.btw	diff.win	diff.btw.025	diff.btw.975	diff.win.025	diff.win.975	effect	effect.025	effect.975	overlap	we.ep	we.eBH	wi.ep	wi.eBH
Acidaminococcus	-3.38449311346248	-3.19350916109103	-3.58590302756695	-1.05513117280427	3.60852113778914	-9.04978073343988	2.22787543265766	0.297687161012292	7.63090929409388	-0.326549268124146	-11.0661537255216	1.89561174906296	0.321600000681415	0.0682003507041131	0.583447137779639	0.203363322436078	0.854072780413778
Adlercreutzia	-0.980330173768538	-1.07917116690936	-0.0100344078014203	1.22332270819094	2.43710569904541	-3.18834074283861	5.36764240960561	0.23430545034477	5.33903945031573	0.462048924053717	-2.23759763259101	6.76801887077034	0.337332534099468	0.14659216868306	0.75396379194191	0.245624553465111	0.881827932508168
Akkermansia	2.16179342894218	2.19617844696162	2.0146608071607	-0.0446820289900449	0.914888650453308	-1.40474214406647	1.86634255800604	0.0975653973194025	2.35326454739734	-0.0438946478639666	-3.65605978541587	4.19579872534816	0.476904619153303	0.859149751620208	0.96454344531925	0.869910747147589	0.982594737985434
Alistipes	-0.500223598189669	0.589926165806584	-0.928979513164807	-1.28421725551808	1.6476180848381	-3.9132710356788	1.89616447386572	0.209688110234677	3.50957537443661	-0.739475107521189	-7.10831262688489	1.62880606702609	0.21620000139563	0.0274556471527543	0.353659038181812	0.0382172811708415	0.437057410494562
Alloprevotella	-1.20245185359567	-1.40470930523152	-1.1329519090303	0.24603239262858	1.12202001270521	-2.00514350056735	2.05727544446431	0.160145744566545	2.51623181329308	0.206092814829592	-3.33559098073591	4.36661680031017	0.415000000291766	0.647872144563957	0.955856812766619	0.567344692459244	0.95812504983116
Anaerostipes	1.21676712008334	0.648974514538784	1.66696169558215	0.324804760089388	1.83212176075663	-2.88403517239931	2.9511166612108	0.196796596311258	3.51791894823637	0.19109126834451	-3.3347991775481	5.35986272943593	0.407000000321109	0.524567239715864	0.953812732196481	0.519226698997597	0.958282689090467
Bacteroides	3.53778451948864	3.74275216772496	3.48491280847204	-0.264184834568117	0.939814024842835	-1.85260342127736	1.4335483718786	0.0660929151910486	1.94689185873944	-0.314217634159907	-7.29235598263213	3.19081295254823	0.335200000616284	0.303983223549287	0.844360437980213	0.242411461603412	0.880401374659259
Barnesiella	-2.7951177764503	-2.48146377196092	-2.94063945449733	-0.00633675556591218	2.48588037257818	-3.6714943265886	4.72297558345807	0.261414013864625	6.22141422382795	-0.00217385509087519	-4.75078260393721	5.47247584766904	0.498400000005334	0.832471841140001	0.964130321298369	0.923220117343956	0.98520590764241
Bifidobacterium	1.13649389294934	1.7364953514023	0.945450308822789	-0.980224218636728	1.14227061583899	-2.68743824958284	1.81086127051847	0.128552445285515	3.17661796140081	-0.825591456233576	-8.93788782400438	1.89067213084052	0.202759449642109	0.0262971705249257	0.352056541375956	0.0271302366364286	0.394829467333492
Blautia	4.55667040575442	4.55622000008491	4.5570484061321	0.0567637545217479	0.726158794383734	-1.27984422630215	1.31032716097076	0.0990727149784437	1.85817995151633	0.0713694268024754	-3.66965553705877	4.05424032249207	0.458308338472223	0.766477312035666	0.962029145208989	0.811765268786941	0.98108656615138
Catenibacterium	-1.85179809520579	-2.03310903550209	-1.3606152291196	0.485823723581525	1.70854970207397	-3.66114945014989	2.83661037201957	0.238915238597736	4.410159223158	0.238701973238952	-4.25149474035289	4.23433521066122	0.410000000310046	0.767676846889237	0.962116947244739	0.521929561150923	0.956325180149515
Clostridium_sensu_stricto_1	-0.877682365575895	-1.22772233794375	0.160511692960598	1.20137491710828	2.44259649863744	-4.1018432000077	5.22559007486552	0.262838137760645	5.74314538752953	0.449372847665	-2.67990472990324	6.40617992666909	0.321400000682403	0.209925842935021	0.769898239333646	0.185204312715149	0.871565123958977
Coprococcus	1.80518782832721	2.25532245653054	1.7246251316994	-0.381876572115442	1.44700709378635	-2.95082029313027	2.69743515234421	0.093598563339239	3.36938056048499	-0.259691547798542	-7.9120497477735	3.92320795921363	0.384000000408663	0.447951106582513	0.940506919980988	0.412555088873974	0.943408769875942
Desulfovibrio	-3.9494976015659	-4.50900057429161	-3.04043019406968	0.547959221420604	4.64033697382392	-7.44120615512201	9.60616008660371	0.634764119829581	11.2938121762618	0.123558039391182	-3.1596894890102	4.66698925455697	0.447910418091884	0.621681390145564	0.954008590635895	0.692150782653879	0.974315542465588
Dialister	1.08573861191151	1.06518565964383	1.30995179699855	0.0640398031999054	1.26241717477227	-2.73682430516346	1.91638364911309	0.14203059732347	2.93152521183188	0.0470066962047532	-4.81449373068079	3.54705046926628	0.475304939094683	0.842989638787071	0.962901043864482	0.850286561735478	0.982397298958825
Dorea	2.91664560725706	2.83752446002631	2.96636002411307	0.0391606336087436	0.6985682823401	-1.63374606797781	1.46081211666195	0.0701333084215881	1.76400506143042	0.0529515076944266	-5.1416432997646	4.96883773243129	0.466306738765048	0.913936038726946	0.968450650813115	0.820588982225205	0.980927692469668
Eggerthella	-2.08929744134264	-2.16096483705112	-1.90543941796071	0.44051041084058	2.4013261771281	-6.13332190953324	3.95183150271341	0.260646808180596	7.34650514682546	0.137834923332992	-5.98768661276186	4.55292045167599	0.435000000220392	0.883594917148547	0.965682441981677	0.64223918032432	0.973010610740099
Escherichia-Shigella	0.295786782858122	0.402400451165136	0.21386018480844	-0.138926054151713	1.04152982962181	-1.96286590494302	2.06921327683341	0.149890552160723	2.3892622510236	-0.12511750185996	-4.11231842158404	3.43698125641305	0.445710858011484	0.790695061217375	0.962167012036241	0.711746692935548	0.977457893804092
Faecalibacterium	3.56047431798544	3.67146788417082	3.40345399001385	-0.335332146006816	1.28891906620378	-2.60932091235653	1.86959497118784	0.182678817605849	2.83323486147609	-0.243181047119593	-4.57574943938756	2.6086761386631	0.397320536250013	0.378600471858499	0.9069790522024	0.449822879906471	0.94974239276201
Haemophilus	-2.59289177018113	-2.72914959176587	-2.36897177225106	0.309752003528718	1.5819014034401	-2.82437123212264	3.04439168645464	0.260111371969761	3.62651130893297	0.18028336212571	-3.25076913572032	4.02828944702582	0.416400000286681	0.668635725464407	0.956941431443014	0.578464168957977	0.957576875928567
Incertae_Sedis	4.94199464506825	4.93812581302239	4.9516666371491	-0.0618874000722531	0.722892868393504	-1.56885265213581	1.39047832623973	0.0829706395106575	1.78573076405675	-0.0707395804618512	-4.78381053827729	3.5092118231671	0.463400000122658	0.703520989264146	0.96157316200901	0.784086005325944	0.979970249636917
Intestinimonas	-0.505092490888217	-0.788130045339051	-0.167308572587018	0.442257551736584	1.33137356279468	-1.92574071781832	2.51276825358014	0.192752984727588	2.73496696114681	0.321510022973265	-2.44608665512728	4.62215565022181	0.357600000516566	0.292369249031184	0.827197851605294	0.320886423174349	0.905544297246667
Lachnospira	-0.388416400801593	-0.435896043521746	0.136780986128862	0.845119897147558	2.68499452768342	-2.9563473751377	5.90003828571919	0.30634597744863	5.04389124388608	0.326560691157704	-2.51910812322993	6.62248197340622	0.364327135061078	0.192050621267688	0.761233817940366	0.338123221979259	0.910265280356382
Lactobacillus	-0.449181094747679	-0.736145539649856	0.459616153291249	0.657648564293551	2.1378327728247	-3.42467118138919	3.67854693976789	0.233495257764738	4.34545320517286	0.33765855149791	-3.0063841123718	5.80914675604255	0.357200000518274	0.336724704762102	0.866854841643489	0.321468996947325	0.907823573067781
Marvinbryantia	-4.94281104667121	-5.06590530497752	-4.84954615573662	-0.00352465868663732	2.9664277035137	-6.11932554864168	4.99204381054623	0.467949315102458	7.28164550298909	-0.00123793770143541	-4.18068804238111	3.40075611923544	0.499600000001334	0.796120270351148	0.961843099828421	0.844416809196995	0.981119440449817
Megamonas	0.0482333084987059	-0.534639522351279	0.0725560924431443	0.660772213082589	3.30026581605263	-5.727204850744	5.63158980561501	0.265384803703096	7.35554397144555	0.193004271520096	-4.40714738343126	6.04476366050647	0.462600000125368	0.633705284491487	0.96115668416673	0.793806360821841	0.980588142731243
Megasphaera	-1.12378549061599	-1.18700893418654	-1.12043010934495	-0.106560516543168	2.18807398264547	-3.29806235432299	5.09556122029712	0.250026132169075	5.64928799539368	-0.0448407578263321	-3.88498447941156	4.80107102509985	0.478104379197271	0.821882367865802	0.96293016844392	0.878436391781593	0.982803665329099
Methanobrevibacter	-3.2832650994521	-3.66645333439314	-2.69152478933427	0.289403165698428	3.6637875963953	-7.12058163087257	7.25335845075698	0.478065350082834	8.45469880471321	0.0655174566410336	-3.73832919637572	4.25441928267522	0.468600000105081	0.851410132087362	0.96497743847217	0.830480991145078	0.980992575926748
Methanosphaera	-1.2215971676306	-1.55265373625731	-1.04155904664134	0.0122162730915525	1.64886656937346	-3.12816288207725	2.41066743262437	0.18145408658605	3.78095944596632	0.00818725507491254	-5.01965400587982	4.02640965801145	0.496200000012667	0.873443499512768	0.965751748106553	0.933819199376475	0.985497747343831
Odoribacter	-2.4138883103343	-2.92927059308039	-1.22875639519108	1.71344414231505	1.94981777535148	-2.60413506767963	5.14924887418594	0.289539072727692	6.22734436979663	0.783915551646273	-1.95569393935303	8.35376264757902	0.188800001693279	0.0295592065087528	0.369399662435124	0.0194941328021823	0.382752382313249
Oscillibacter	0.735038816954131	0.360808389345282	1.00549923507759	0.605939802636305	2.55202103958819	-3.89556840672793	4.89709278678078	0.255719830845544	5.18295067372028	0.23823628818211	-2.85852220024659	4.79167648955668	0.40540000032704	0.448563644466868	0.939103714826398	0.503384810236204	0.960042442451754
Parabacteroides	-4.05201090212759	-3.98046224580921	-4.18035698096122	0.0948915961444312	3.30948459423926	-5.63111580100489	8.37463873857486	0.482410648045439	9.53860218324681	0.0259744743897115	-3.55966754201068	5.06243232260918	0.486502699505113	0.747289562967887	0.960946767398783	0.874765799216264	0.982537897287373
Parasutterella	-4.66520233266368	-4.73310554323742	-4.60473703140078	-0.389447660892611	3.541881479634	-7.93363351176246	5.34152649200083	0.397916162242451	8.98154259140725	-0.103796733045254	-6.04128052064565	3.54146085295076	0.451600000162859	0.494097920618087	0.924172336241868	0.729003940332114	0.972747733476862
Phascolarctobacterium	1.15214925430488	1.21802638046286	0.949778169967205	-0.269352623113093	0.807398039344916	-3.70305405367217	0.982453084798001	0.12682664022107	3.69475236929457	-0.247449040679343	-8.92633363812946	2.09684338467625	0.345600000568917	0.183986708329607	0.756909737909801	0.278814555413627	0.888655647273637
Prevotella	1.44400192305532	1.71122728868202	1.22422936911605	-0.571741113898267	1.28963175674271	-3.02467468651962	1.46574215763702	0.143686637569528	3.18774134658284	-0.402300005784167	-6.2931872215456	2.21353604649351	0.340800000590534	0.151280705509554	0.753516399192569	0.246246844486783	0.879921405906077
Pseudobutyrivibrio	3.84864594237143	4.1008125834451	3.74666306442025	-0.477422728083644	0.983775072481361	-2.07873469416484	1.35308856972624	0.122128849145374	2.09717800430637	-0.461285813761058	-4.96574370570259	2.22756878297877	0.309538093123858	0.15933900948763	0.753785951740221	0.170768970967113	0.865911620080032
Roseburia	1.68619364051047	1.73669874600074	1.68619364051047	0.073467894190439	1.02055866147468	-1.83888334969501	1.78730230059793	0.10224774956536	2.37013845888589	0.0632939399440432	-4.15957436099682	3.80470978761928	0.478800000070795	0.941342178558248	0.972274452590188	0.896068263006344	0.983101062590267
Ruminococcus	2.78047975432393	3.10541098623832	2.66337387394273	-0.0939235101652289	1.23834508341794	-2.02191292334661	2.30424822359216	0.139189992791489	2.50063378617059	-0.0704222319679118	-4.92988622650286	4.03050813461646	0.489302139607747	0.772320298335146	0.961853394058023	0.936383359674381	0.985211210894635
Streptococcus	2.53992796950332	2.47621573485451	2.62668223067899	0.279597388729433	0.950799192155302	-1.26176846196664	2.14780137558802	0.125671515971469	2.15845800391177	0.29188243281508	-2.42210862547687	5.10027517760165	0.385400000403181	0.275020248463778	0.816161059244019	0.405101615103163	0.933901081590565
Subdoligranulum	2.3204987203776	3.07857084450941	1.56680341897544	-1.3994582906885	2.07212408567554	-5.04194670943574	1.77144317249913	0.184005736850751	4.41738252883894	-0.731706504651353	-8.84361077413262	1.31418736745238	0.200200001560288	0.0214223118266786	0.351385309260707	0.026033611898937	0.395247320790664
Succiniclasticum	-3.93298506696535	-4.6445913327846	-3.54087956089612	1.15169187286404	2.36585177689899	-4.71624253613486	4.98781018088456	0.29584680395172	6.22749178939323	0.434199350072337	-3.36470562792434	6.91718905649856	0.293800000828186	0.218302037324235	0.775819891633696	0.145161218038927	0.786537393551559
Sutterella	-3.85816527396824	-4.10209880095925	-3.74526785105121	0.0703908627711303	2.43491785907152	-4.50222096391058	4.95327016272505	0.382408473405309	5.9232278714469	0.0270517778305997	-3.67380397418376	3.97460035711648	0.492000000026674	0.838807674235786	0.965188349152315	0.880803524648726	0.983038346538969
unclassified	4.45223423849888	4.59771376876476	4.39848927016603	-0.107580948321333	0.614232947121891	-1.12010942282419	1.05380081551375	0.0655153929695992	1.26594466025561	-0.16937918114116	-5.22041182946946	3.57732061194178	0.445910818018792	0.629979463585976	0.960772721124699	0.727629045876724	0.978120515446436
Veillonella	-2.17462668177424	-1.79648499069797	-2.53172630711944	-0.81275410254619	2.45946111928937	-5.42399772679534	3.61974278779127	0.305308452117198	5.96895766583753	-0.324682310347469	-6.49730490782863	2.53512820228368	0.337332534099468	0.240525636739753	0.787636421308573	0.251480114312932	0.881864892853979
