rab.all	rab.win.Healthy	rab.win.SS	diff.btw	diff.win	diff.btw.025	diff.btw.975	diff.win.025	diff.win.975	effect	effect.025	effect.975	overlap	we.ep	we.eBH	wi.ep	wi.eBH
Acidaminococcus	-3.14131768149639	-3.17574789564012	-2.91018003690187	-0.177662264670643	3.69851251048356	-7.46248952146646	5.85000369719192	0.431987059094156	8.40168203798327	-0.0465011297088132	-5.66747988472581	3.7406750030828	0.478400000072134	0.522420159184845	0.799494783302663	0.845454746666181	0.955727034453614
Adlercreutzia	-1.09662395094637	-1.37146172250292	-0.806797941609241	0.619559333327057	1.70520141601914	-2.66565975971104	3.64659848085827	0.266054304657799	4.09258457608966	0.327479555743846	-2.70838370006823	4.68808639330039	0.363600000491223	0.145711387404698	0.490368160181818	0.148245607663414	0.455563880741649
Akkermansia	1.86599092729558	2.10144414600113	1.61229781943062	-0.463008172675971	1.1039643848746	-2.80019221865993	1.61680752052783	0.163552330434038	2.93640332908215	-0.368226856233255	-5.75523643127128	2.53097056151089	0.322335533570942	0.0488849844979599	0.334701073628108	0.0620795992304299	0.278135619291461
Alistipes	-0.0309004114113609	0.226143000940374	-0.431520390387901	-0.555186904111138	1.85926466173369	-3.71778921148143	4.13847888949935	0.251446089465218	4.72733408455563	-0.266752425475065	-4.60295202653757	4.18184874852198	0.384800000405527	0.490813663123429	0.790539329158374	0.23139332930176	0.537658882033846
Alloprevotella	-0.968972798132435	-1.30107275504891	-0.401449670372717	0.878778610992303	1.03028875014455	-1.03814045609772	2.71663504574448	0.170746886723846	2.27024665597764	0.798910314966178	-1.38567300503296	6.78139302637733	0.190361929287987	0.00061218675501429	0.0269147810729199	0.00064350795667515	0.0282442662530378
Anaerostipes	1.49292701436975	1.79579578845664	1.37082261089501	0.404014650738616	1.85213221233194	-2.36309960610865	4.1937910573727	0.19522057847156	4.17925160328213	0.197220455530525	-3.41764747835773	6.26331417255861	0.442111577879968	0.240486519257339	0.632021574098644	0.561749105266278	0.869648207004328
Bacteroides	3.701643223751	3.77756462452919	3.44599124849293	-0.23295658288752	0.844878557920441	-1.66322577064824	1.69778305401138	0.123985136702341	2.04649618252237	-0.25311755711254	-5.04161896926085	3.512709212829	0.386322735852328	0.413308213431259	0.774954652121927	0.24437583240946	0.550848817073975
Barnesiella	-3.07965999846297	-2.95144992228266	-3.21695651476071	-0.341885244162868	2.56708082752795	-6.5062747161073	4.16343233460117	0.356030785290075	7.34868509296167	-0.115770860121421	-5.31506271623396	3.13996470837212	0.433200000226713	0.365353228967153	0.735351304361728	0.512003347294049	0.828867857156224
Bifidobacterium	1.41966264656014	1.43911451623592	1.39705760740134	-0.207239001684915	1.45892464501548	-2.86762778857364	2.80662729306833	0.215931813767356	3.66875748854206	-0.126455498616338	-4.20819767617303	4.01810956996111	0.436200000216186	0.715364873987448	0.857037168792331	0.558971010212057	0.867489284574362
Blautia	4.55252383688625	4.51866895306927	4.60433398798306	0.0872849981623869	0.74017776036296	-1.18923909260137	1.63497674317045	0.108569124667806	1.75737396678736	0.110771029655935	-3.24902753127497	4.87973096883679	0.447910418091884	0.469956338204242	0.787855251846418	0.582178233342389	0.874948967175601
Catenibacterium	-2.08601108046274	-2.26438474854421	-1.94248289062603	0.275563510444031	1.84040236955171	-3.97070163427602	5.63137002549567	0.265963639211437	5.89777387230356	0.118127582484029	-4.30185969469822	5.33074325175426	0.429914017434768	0.668811334912581	0.84204520853454	0.480631647342025	0.812278558992539
Clostridium_sensu_stricto_1	-1.05734496456319	-1.1547737286621	-0.904604213392677	0.0611289580055727	2.37945801195852	-4.8081349747531	4.09818411029666	0.295101795656625	5.72943416590436	0.0244188304007197	-4.52740760875834	3.64374075275129	0.48790241955643	0.69523775140218	0.851193428728224	0.885584950488724	0.96531575227744
Coprococcus	1.8648491395011	1.98681455168844	1.75885480223375	-0.112671930812312	1.65296475452359	-2.92768195157752	2.82276753341242	0.19268384613208	3.41354086480761	-0.0644343370551554	-4.7016910379315	3.78083045221026	0.469306138874905	0.900613920144226	0.926753464734586	0.833615170177825	0.957882589006543
Desulfovibrio	-3.94934597729259	-4.27421057817926	-3.22515380494	1.00738830993702	3.34019274156669	-5.64406492970366	6.3529652053093	0.559239241515091	7.68290135382581	0.274692813650497	-2.89813660537595	4.15770314097252	0.379400000426832	0.279204839625143	0.657289384986763	0.215635342637562	0.525761973516197
Dialister	1.19043721305928	1.35166648655702	1.10356820006069	0.0338950394211506	1.5595917111689	-2.28915548769716	3.68352829644782	0.190190894232456	3.66790396551925	0.0178395983469478	-3.64713276204104	5.5937397118831	0.488302339571091	0.495367411523103	0.791209122764473	0.83568167195315	0.956011686802844
Dorea	2.89133310625582	2.8925648311914	2.88829686269955	0.0278922014780307	0.923040678280887	-1.87707446498373	2.41160231906701	0.114655980547814	2.53925801655119	0.0276327630766619	-4.69506006516638	5.22350912116268	0.480200000066103	0.84864694829972	0.907579722036555	0.887844599287537	0.965766488919759
Eggerthella	-2.14753240512316	-2.33693067176847	-1.39575176551129	1.15621823544311	1.87905192146336	-5.42886001279665	4.61946892056872	0.265368413821226	7.24204111403835	0.453398752894141	-4.56365435500502	6.54738684928093	0.267946411703324	0.10370771404338	0.412701614076178	0.0108279502140169	0.164980142258355
Escherichia-Shigella	0.297726063603408	0.336836539943945	0.249768038045551	-0.0846281219657881	1.32368772414731	-2.38904779451993	2.33836195914776	0.243853512548369	3.16201177491488	-0.0609039377640356	-3.41011174107792	3.54109466558759	0.474000000086902	0.789391049773303	0.882499353394232	0.75812100802673	0.93749299463451
Faecalibacterium	3.25539119620735	3.46587096227476	3.08756797985643	-0.398495860063187	1.22923071461351	-2.62201458012423	2.07963666603247	0.158635863675901	3.19647263082196	-0.293512115097149	-5.06959125633187	3.49754874790069	0.370200000463932	0.248156096437529	0.637051899129	0.165259302265972	0.481170080726703
Haemophilus	-2.64168391384447	-2.60677556252965	-2.78239410708504	0.02009403373776	2.00251863500382	-5.49503126795782	3.08834198424938	0.304102901501409	6.25349354578715	0.00891840728843515	-5.22110640163076	3.1743981115871	0.496500699871688	0.513645248094209	0.79513648765264	0.87785155556262	0.962772050512521
Incertae_Sedis	4.87817389609971	4.95665607281045	4.61852862532714	-0.366305240081787	0.762241976287315	-2.11261146974602	1.13628332012644	0.0996403538533124	2.09709449816954	-0.407676671807833	-6.89364926951144	2.4838074200481	0.306738653026597	0.0273101255144259	0.254689566011801	0.0341569022775711	0.223121222520971
Intestinimonas	-0.646191554284922	-0.69527678126652	-0.634223022533947	0.226556961503785	1.53300691800595	-2.08085858233827	3.65243944343484	0.199386616448426	3.38313890060736	0.140946739869296	-3.05886020716052	5.37629184233381	0.442200000195276	0.299714847234447	0.691603927859604	0.543530714776811	0.856718335054753
Lachnospira	-0.181538320025891	-0.145518209866483	-0.183573161249114	-0.299509174606112	2.09393570779876	-4.28018102815979	3.55510301731355	0.31367707371273	5.40649857182735	-0.126036760981929	-4.25443001338573	3.27915948329655	0.452000000161489	0.481716368218509	0.789380504869833	0.585790482448785	0.877316717645135
Lactobacillus	-0.121526137704843	-0.139915272381281	-0.121526137704843	-0.124714945016599	1.74782567579677	-2.96143196512112	2.87860554776196	0.23068085489262	3.67331127140564	-0.068444133360987	-4.21805404794733	3.49422116945899	0.478504299211928	0.67379143587286	0.844574693800362	0.840312292774507	0.956859533044442
Marvinbryantia	-5.19440774790004	-5.0160753530319	-5.38515457628415	-0.644219583241247	2.84833889949648	-8.27899589365054	3.91122782972752	0.466330172004166	8.9322124033893	-0.195315978662513	-5.85981035255225	2.781582237486	0.400119976351431	0.169199337101476	0.517813772126811	0.350873024279442	0.67014359693977
Megamonas	-1.0764565748859	-1.56477634342608	-0.23089931483941	1.18742443999117	2.57961127021514	-4.2872091050472	5.91903037940248	0.385274060892176	6.47898760412699	0.441738640859467	-2.75928777693314	5.35110306927619	0.303739252922617	0.0672086148853631	0.367087627110212	0.0405998203933845	0.231711068813203
Megasphaera	-1.62581177950884	-1.6816498531039	-1.54034069893216	-0.0963359260368013	1.93022194468688	-3.53171427155893	3.38692218564708	0.316312686457924	4.34997553803299	-0.0471673598104986	-3.82010809224851	3.32224246069263	0.479904019263229	0.740048654517417	0.86591634899581	0.826489471622957	0.949896471954664
Methanobrevibacter	-2.73359831932221	-3.01611080286036	-1.80676326092657	0.754190346576677	2.94003008903958	-5.72053954711061	4.95712662522074	0.429666273449764	7.15914902374972	0.227950303753692	-3.805690438291	3.97741917477802	0.405000000328527	0.586424833902636	0.816998313533312	0.384154240167642	0.7378700137984
Methanosphaera	-1.19902167989694	-1.41183654700251	-1.05749058344232	0.0882632232196605	1.65001484174897	-3.1676080107787	2.42930108293906	0.205579674662921	3.75639563357028	0.0504881349918375	-4.5433912943663	3.77689642673829	0.479504099248571	0.778900069849338	0.87984210244919	0.827297648569961	0.951869653605576
Odoribacter	-2.29182131596292	-2.50716528076596	-1.59528927239041	0.959340939038654	1.78645147206704	-3.3151306264288	4.6941284112988	0.277779153812814	5.1030557882704	0.480430679597174	-2.59593530622173	6.4052421891795	0.276344731985415	0.0260734463413432	0.248894468488789	0.0203580367623914	0.193436381409395
Oscillibacter	0.0448032992905216	0.393581162978796	-0.0221364066587011	-0.305829796019779	1.63960739075966	-3.12248766343082	2.53833454253017	0.238174160211399	4.2056720337326	-0.162076918349841	-5.35474393224524	3.71460952540119	0.446600000180054	0.437299382744009	0.778517878135585	0.623263360995789	0.890896293109608
Parabacteroides	-3.13315373957832	-3.25131194020159	-2.85114539280648	0.545851107893421	3.7248048760306	-8.06874555628871	7.11322288432959	0.559484793497761	10.5047949546604	0.128175643064339	-4.02771198771443	4.34870920685466	0.428000000245082	0.751097764219192	0.871946077268028	0.47254779882783	0.813190383979391
Parasutterella	-4.41762973671178	-4.9864908004598	-3.79402788027399	1.07669559808162	3.37165396979442	-8.24224556133904	6.94542292741151	0.443350092156397	10.6841998923417	0.262099652080706	-4.83095557636372	5.09988996810569	0.366400000479573	0.550953235684591	0.801975851654776	0.168319605053023	0.473533193572713
Phascolarctobacterium	1.12960581912476	0.955335769777417	1.55761005716167	0.415526050493487	0.970386187793218	-3.33270484720663	2.01512094814705	0.129569719491208	4.11726447101204	0.330890878306747	-5.15269018292809	5.30547778402107	0.318736253444809	0.499355164065138	0.79251095038529	0.0547180409152351	0.260540975890843
Prevotella	1.37113293684016	1.84255106181168	1.11803434975438	-0.765937789966017	1.33151130185259	-3.28680578193999	1.68108340733179	0.160836957948515	3.41750778464905	-0.504840007393614	-7.62220552864867	2.60144687611782	0.3106000007371	0.0182304608444488	0.227781494853333	0.0432950518540812	0.23518320782065
Pseudobutyrivibrio	3.9594303048269	4.00000447616963	3.86801392037184	0.0284315699176898	1.25195604366415	-1.95584352321873	2.73846314471986	0.186827590106428	2.81361757398838	0.0236744137825845	-3.3935278520555	4.37099299156491	0.492701459732382	0.618669300942909	0.827760463597622	0.958146157437446	0.979806028349325
Roseburia	1.66128157617863	1.89174789839094	1.27116952446544	-0.420739284441423	1.28284911945225	-2.62909670546599	2.07898712698012	0.174937946971283	3.01161308353496	-0.297741716506234	-4.76600447171396	3.12671866467966	0.376524695499127	0.209051185449081	0.599723194825177	0.185555887437392	0.494454490103805
Ruminococcus	2.62142312604795	2.94629578276988	2.46668968081322	-0.380011552866211	1.17471688090646	-2.84472740057716	1.77957768382957	0.174430980110286	3.22083138485066	-0.309553324866771	-5.61507589607097	2.69442515322105	0.37400000044848	0.0935122629519522	0.393546567696111	0.189222660086345	0.495942856983193
Streptococcus	2.41893372149051	2.59262722948509	2.09685986701812	-0.450998237193621	1.01523834067101	-2.2850011503337	1.64106461756069	0.14087173890941	2.56629137629986	-0.414279185512464	-6.21265606127253	2.8279364494906	0.293400000830453	0.0888388399809852	0.389601455309968	0.0287854160512527	0.21633303898061
Subdoligranulum	2.30926209731457	2.4241642796317	2.22635108039303	-0.0504215038767959	2.06680899668842	-3.62260853013755	3.71002345227745	0.27788414599688	4.86618648521184	-0.0230497700009558	-3.99598202981561	3.57369920838161	0.489702059622409	0.901713440181696	0.926966865118817	0.904613151138968	0.969139610551936
Succiniclasticum	-4.20422158882091	-4.37372428752271	-3.8031842329455	0.337674954225458	2.66965869615964	-6.58687054500696	4.58388844497323	0.407805342239818	7.65907214392186	0.106142908704468	-4.8176597883862	3.84926524019202	0.443600000190423	0.82636541093598	0.89895936804403	0.629556197045783	0.878358658067983
Sutterella	-3.79399502345577	-4.03049603006757	-3.28820124334954	0.698961504218206	2.57077761366957	-4.30005278581574	6.95211554507314	0.385937517679427	7.54181786378575	0.227873440091987	-3.15859750208266	5.43664405117092	0.373125375376855	0.185959537308881	0.538963763083157	0.181062763397801	0.484872611195355
unclassified	4.60851582738731	4.69258841343047	4.28366414595841	-0.377067964523703	0.751710347528733	-2.00801700264182	0.799138749293676	0.0920864439656763	1.73740007638343	-0.513660205342477	-7.0025671193521	1.85349871075704	0.281743652168164	0.0089652486562606	0.185625662857176	0.0171503229344398	0.197189124452567
Veillonella	-2.11001991413667	-1.30609373916092	-2.43973662497927	-1.06990866793585	2.49392516288334	-5.27172239727643	3.44484936840178	0.291454564569048	5.62710869281042	-0.393959334379411	-6.50844288966703	3.08459845995279	0.341800000585997	0.0792901421653415	0.377701996680769	0.0979986021747086	0.372133219662111
