rab.all	rab.win.Healthy	rab.win.SS	diff.btw	diff.win	diff.btw.025	diff.btw.975	diff.win.025	diff.win.975	effect	effect.025	effect.975	overlap	we.ep	we.eBH	wi.ep	wi.eBH
0	6.44381727452889	6.60704475860977	6.2450322941451	-0.209038602510507	1.2733960416054	-2.14850421789091	2.71024169498275	0.148398500987994	2.89260227271994	-0.160448686977773	-4.08831425429427	4.22651504942988	0.435512897639021	0.760113377925806	0.945350995966934	0.512001363799095	0.797953065868543
1	6.10600369818766	6.11743290526522	6.07929415797161	-0.013052078034498	0.996939711433099	-1.48105206078793	2.5206507902108	0.137617749895976	2.87715157014704	-0.0109662274134368	-3.51163182288653	5.3187130425227	0.492800000024005	0.522283448235599	0.886655920819418	0.912327646833115	0.958951223016736
2	5.62696178225129	5.9496935912337	5.34858970847346	-0.64246956904999	1.22344642556022	-2.84064372691349	2.19045838869058	0.186977378802312	3.35099579581327	-0.479709990803994	-5.44914915343468	2.79458565115022	0.297400000807996	0.0406472113900038	0.328347811116109	0.0266380063106394	0.281012659722629
3	4.9603908991388	5.30517847486394	4.80395399389284	-0.186652339557925	1.50916163957428	-2.63556893888847	2.85215757912674	0.211462695085447	3.34555934026847	-0.114158021541946	-4.10367515332086	3.63202876182358	0.458200000140314	0.723244957541896	0.938588856814107	0.655248967362274	0.850428463450655
5	5.10474958995158	5.20963624696211	4.94161492504652	-0.28548589700493	1.04563372909022	-2.49922864260045	1.37921593771192	0.146337295914071	2.77665505753601	-0.257478468791145	-6.00142243090249	2.51678574897063	0.380723855650363	0.0531849188380036	0.381469674582998	0.192210527806874	0.647753309084648
4	5.07395349490188	5.27467371339225	4.84104819899701	-0.458046354514401	0.964128847678393	-2.63330050652675	1.27019341881934	0.147202128335856	2.81855646655006	-0.415375939228733	-6.55903807221783	2.17012505424449	0.320200000688344	0.0137652254321691	0.221196602727167	0.0563099032348797	0.389708103915812
6	5.17448174731774	5.3062592216697	4.80268012259863	-0.514894527980209	0.837094440436799	-1.94298790831265	1.22214694591665	0.139108806235601	2.12578238058821	-0.553964215645027	-5.75909919375461	2.27848632516905	0.278144372046214	0.0154495410744446	0.226209783926004	0.0188849543614419	0.260920735185898
11	4.94227618902755	5.08533705264524	4.353144354751	-0.715757742915679	1.07640754544847	-2.67732102367323	1.52546224891652	0.151532053958474	2.65527635288285	-0.614351710156798	-6.75754494681897	2.44870449150971	0.238152370728278	0.0153092649816689	0.226136296624668	0.00451950846377577	0.20257038180897
7	4.30010619569622	4.40805991231134	3.83419591701881	-0.506838411922758	1.63103639011762	-3.3407362711111	2.54173832416058	0.232850305259774	3.67074079730714	-0.285487194221974	-4.79713669592351	2.96195029489324	0.384923015801804	0.178752365677994	0.639165070715244	0.194925169327845	0.653228331530434
8	3.99685518657448	4.48404836957407	3.88754030988097	-0.142049348850601	2.05896353776331	-3.69980371609668	3.55605069799376	0.294495435111914	4.38748982511872	-0.0675170523445604	-4.19023916515698	3.76368987363365	0.470800000097667	0.681533892636391	0.930773677020537	0.764884415231885	0.893264197194971
13	4.39720420919577	4.55562194883333	3.88257913438002	-0.731928697377688	1.02275052258078	-2.93369525619202	1.40777244021044	0.137543403833292	2.8584246456223	-0.659580164704033	-7.99833037148275	2.36693823331868	0.208558289813121	0.00343109787975588	0.161963920365012	0.00175309326233843	0.185822651663331
9	4.00007989151653	4.24603890210038	3.73320461089614	0.114199091678057	1.94576771737809	-2.6762517167649	4.14538331434432	0.232097392804712	4.30037751100663	0.0561586019910465	-3.49073433126192	4.90596649613435	0.489702059622409	0.574272198076833	0.903712634937799	0.937329560608564	0.970906116103031
1143	3.99635842372461	4.36793171839799	3.68424087901764	-0.340004462848338	1.44837371857111	-2.46131628193374	2.42743482071086	0.214353084386091	3.04181187970034	-0.235231429475946	-4.32352260024287	3.04866353553969	0.397720456264497	0.307562286290316	0.770559881119559	0.27339017093459	0.699482080217859
15	3.34425276370044	3.23883951819691	3.45178666580973	0.200349650018825	1.28946564969545	-3.92067011890952	4.7363259146918	0.162512428914432	4.92527024997543	0.112882117582878	-5.31104512239591	6.73998931995432	0.416116776932264	0.617175828301498	0.914719340702126	0.394721832428725	0.754264068871709
10	2.36277602162374	1.66394247999887	2.67130381505133	0.57268366737246	3.64379208473963	-6.39371628911009	5.82813119026214	0.443510630934714	8.18723783847656	0.152093637296916	-4.70882994180068	4.52225080382561	0.459600000135552	0.940247684217193	0.981997931119443	0.663329966869018	0.852227580147521
14	3.70387909362322	3.93273665079793	3.4358889830279	-0.36049170132145	1.53388707599254	-3.63265646023913	2.90887347428356	0.24863296201581	4.23574562894232	-0.200113222308986	-4.39942520863625	3.50963200628496	0.403200000335231	0.418548018192446	0.828262487139602	0.275512239571947	0.699865808430588
12	3.79354540417353	3.90822557573861	3.32353663462481	-0.515873550479868	1.65195261260099	-2.85154215347815	2.96534220831037	0.240072701324881	3.7412319338858	-0.281257046180408	-4.4674914867007	3.23069084933693	0.393000000373785	0.386958579410022	0.813240266214376	0.291753518014649	0.710353736526626
39	3.62396170608009	3.75896830089761	3.30351032224538	-0.288017390570534	1.41907847499388	-2.65646089053014	3.45436089629998	0.198777109836567	3.9191143700403	-0.172852276347212	-4.48537884253148	4.7397387904613	0.412517496801397	0.889548093973619	0.969320422022868	0.379325710276096	0.747827101265088
17	2.97756714224245	2.4035491472714	3.45974278950075	0.723302741138465	3.08163622528099	-5.16174189812481	4.85402247730598	0.317142292520557	6.65002207909864	0.223453496944844	-4.62400889964971	4.90269977776968	0.410317936721471	0.647257384531774	0.922311502713676	0.350357189616325	0.738441378866112
16	3.97838353437364	4.17504742695636	3.44289093592875	-0.428708093475829	1.3769762232684	-2.56904543526436	2.44035148129635	0.182956957587856	3.39290249054563	-0.284885584351437	-4.90059672721559	3.6685696037083	0.371325735312181	0.313686085419697	0.774586760483696	0.167320212322241	0.628067996497733
18	3.82021969335435	3.94608405732518	3.50949180806417	-0.319140474771458	1.50402773683642	-2.72586636256856	2.88108343585966	0.216981072721249	3.55852508997277	-0.205106738407124	-4.16618003594468	3.63546999239796	0.412200000301978	0.623401760646177	0.91708647486628	0.429363044228376	0.766950800387291
23	3.6332456085447	3.94041451869236	3.15100513710874	-0.818859112768437	1.35380835233445	-3.21649700499763	1.53663268942998	0.183955953042532	3.30829276950717	-0.551764266427559	-7.33698284496444	1.99923441876487	0.297140572694737	0.00518582839864053	0.168982155017756	0.0239782003681053	0.273258629541952
20	3.73538212986333	3.91018968932636	3.38417210096159	-0.47806139110607	0.743508820376533	-3.16744463804972	1.33703481623924	0.110422788903951	3.02751443611763	-0.505137275462436	-7.48476984469538	3.05815878953483	0.248950211076477	0.0218417645751335	0.249590493284852	0.00622510471294931	0.208803695673504
1090	3.6531139813741	3.73658222314219	3.64715851887271	-0.043577981582287	1.01838799229097	-1.72049070249164	1.83017363395767	0.154876947988551	2.23394520345836	-0.0398023629672438	-3.71410538096614	3.53450515735079	0.484000000053388	0.902849795815945	0.97202136640925	0.884314974532003	0.945569264929722
22	3.48474396048564	3.55416617378977	3.24742628506897	-0.186439742025313	1.49608005058723	-2.62338039671094	2.78538807863293	0.208645971402119	3.36577490672103	-0.115543688484815	-4.02454501597348	3.7199895210646	0.452200000160803	0.839406688116804	0.959606847163657	0.647750478862521	0.848606143251289
19	3.16268921022019	3.3973498512598	3.04280263676632	-0.249823268668468	1.5619786996193	-3.6900987603709	2.50653543651697	0.199107110174315	4.27808375297364	-0.139842526347071	-5.15785692472402	3.21043677443734	0.444400000187654	0.359955682419708	0.799886070083122	0.603272402279126	0.831881630538432
21	1.32174463791485	1.07984553363626	2.24833149940457	0.941982959492748	2.586566811058	-4.61237089234734	5.85443990657852	0.371132667528626	6.80288102125744	0.329449086200843	-2.84671864724382	5.38599643889506	0.353929214689292	0.148110372988854	0.610963972221781	0.105212429099271	0.534321716576037
33	1.65567232595477	1.61690457753754	1.6840693459919	-0.00897706560416056	1.81184138226579	-4.87213470949008	2.48433631230392	0.222429075006428	5.87693581957875	-0.00464217015676448	-7.19135699855201	3.37476036574987	0.497500499908348	0.179409200461516	0.64273074470028	0.909883192567068	0.957908213616712
1489	0.890383932991663	0.745188087924376	1.18449245920858	0.156238462062081	2.58841726450317	-6.14319309308924	4.50057572166523	0.38610830771802	7.00583589026142	0.0481651635404311	-5.38859198159842	3.55659393016162	0.473400000088918	0.762033689853277	0.945859191847331	0.753326238773119	0.89015836823671
25	1.15528481517316	0.684640261798173	1.56552411088347	0.67558498041823	2.0574514969939	-5.48928173060922	3.53410977342926	0.27533732111093	6.80507737602433	0.241528839196501	-6.21796746341726	5.07282227959705	0.369000000468851	0.937793899975282	0.98035624278066	0.178524844982356	0.635233689959836
997	2.12021430915289	2.71755062356824	1.96192140470633	-0.453592635613143	2.03337519807412	-3.63887206913475	3.56583126440231	0.259549223408705	4.23506125149999	-0.231276649024718	-5.48010725598369	3.23015670674033	0.388922215946214	0.207049174335725	0.671242874452886	0.255761747180923	0.687583480592398
24	2.51144928249569	2.33239873323157	2.76322699761894	0.445089257394145	1.73482982665829	-2.43395347722017	5.28267881640606	0.256745592552112	5.57261463683538	0.233269565808132	-2.55885696431187	5.56226511448218	0.37052589528345	0.15207567982549	0.616007562785642	0.169339426036654	0.625924131242493
34	1.44439581592723	1.19606474934209	1.62281357093372	0.218454254718254	2.06221165302558	-3.98284018338469	2.94576983355041	0.218063047158079	4.84498022078686	0.101495096039827	-5.63947344472406	4.17765039884001	0.448400000173852	0.653644139118415	0.922423824670677	0.549772685509071	0.811871665065738
30	2.42137193504191	2.62239549785342	2.33229098248774	-0.411512145984137	1.31987895326107	-2.85829120606953	1.81792165273368	0.197162779135493	3.31165306598685	-0.27345549485915	-5.06217396712211	2.88098747906304	0.405118976532712	0.155521072337759	0.617056652656147	0.360194060234956	0.738701254972271
31	2.80991097439621	3.14720557314763	2.57607261003149	-0.57081437426532	0.908427568364559	-2.55970493819778	1.04066337980969	0.142470596114537	2.68806101462076	-0.546436664501795	-6.90177792534414	1.93596269579728	0.271800000960803	0.00333254536772258	0.16220806118839	0.0152253784496666	0.248138458807733
37	2.80526668419186	2.98735315007604	2.58169140870798	-0.31963821667776	1.40699799960349	-2.87564143409607	2.34060521041937	0.245875487854601	3.34488248102	-0.209846167361714	-4.29385493982167	2.87200850717757	0.406318736576252	0.318534837969121	0.775613481750443	0.321316059166112	0.722359706867486
1356	2.83740881988742	2.7211210307366	3.28638581807938	0.508809939459968	0.869192511246784	-1.21634129769933	1.99013851302517	0.136606180087301	1.96943560087979	0.543579031097372	-2.23315976119491	5.90172786252535	0.284000000885199	0.0194841466662268	0.239940544105457	0.0194235159270833	0.261332343254255
32	1.40974491279987	1.33080287682822	1.48442128893629	0.160954402932409	2.16741896893305	-5.33811018439094	4.84737347351769	0.3528108917444	6.56688843209566	0.0625362092875444	-3.59180470048377	4.27999865470389	0.46360000012198	0.721504466894257	0.936584726764456	0.656044985486513	0.852090108376168
26	-0.0715612266452741	-0.240783810157024	0.510983257316684	0.484753228561821	2.94557128508996	-6.05550389940839	4.85547888783701	0.415193892952935	7.24736743322725	0.147037566845602	-4.06663989258188	3.94235111885944	0.441911617872663	0.833783263443103	0.960071262951101	0.516920687906963	0.800514167211595
350	0.73442480689457	0.52780195571102	0.8897665929701	0.517285168028835	2.11663644384032	-4.99858484662318	4.33509412428257	0.342689735306556	5.99940708993547	0.20866603570776	-3.69495393498564	4.25700656012747	0.415000000291766	0.4593047944689	0.854112070159366	0.37797067051732	0.747233371414198
1444	2.35366670106561	2.76008558081533	2.0201146081177	-0.673723505482688	1.31033852486997	-2.95157226705946	1.8988240591034	0.178495037995588	3.43526569435599	-0.475057444553091	-6.57519639319036	2.75588826189733	0.292941412550382	0.0251966945344267	0.263395118324592	0.0281658924783219	0.286552028840094
28	2.57050036566319	2.6326676334335	2.23945000952142	0.0267482920726763	2.01301390745998	-3.26890169637723	3.87458450794295	0.322482132106096	4.25523937624463	0.0120210973837376	-3.22847391425855	4.07468693917294	0.495000000016668	0.773252394103887	0.948119217286042	0.910726824887014	0.958377735370565
27	1.0277854056862	1.04901089308639	1.00891448366347	-0.173132756548713	2.32474089154629	-5.73809286358428	3.14024121397173	0.374678282883733	6.24410943581591	-0.0632743147738773	-5.3189932089146	2.93374363105195	0.471600000094973	0.239173343088414	0.708541617271011	0.777713900131686	0.899349004473231
62	-1.05097400247342	-1.85471556348866	-0.0437136395920676	0.857694794889142	5.89022405863744	-11.3705025420474	10.1558865774103	0.662355347630081	13.9215316799405	0.145117689236087	-4.14657592811834	5.22685669646363	0.410517896728736	0.61716511335486	0.898011672604587	0.365452901014424	0.737513791177022
54	1.76720794194739	2.03917044817436	1.32978590582663	-0.657469356112199	1.7721871141368	-5.59404631027161	3.21027302572435	0.259472692531735	5.49895738154323	-0.307278360153401	-5.63432786909479	3.44120123016813	0.349000000553846	0.159919459325275	0.622197682118988	0.0987538525151128	0.51495950963439
1031	2.06020328888277	2.36681547112661	1.48844944372621	-0.692256964875825	1.35761413671124	-3.19944467864781	2.90271351320624	0.19776179634172	3.94322955130818	-0.430233949401451	-5.9175514068434	3.58044824520288	0.294000000827054	0.136310891668959	0.598303545112241	0.0308362235236739	0.296656102829846
46	2.28832899564319	2.52639958056485	1.55795034352485	-0.762340655472109	1.32530952620552	-3.28161138519455	2.07208284999999	0.169176916326033	3.13957216323991	-0.516263697026035	-7.18143508782004	2.77488425807318	0.287142572351934	0.0333919834993956	0.297192241577662	0.0213999963462899	0.267393406582571
1354	1.38013982049966	1.30977564454409	1.49940474001729	0.264449747461796	2.12006154961476	-5.13659703244745	3.48417549977782	0.299353462992891	6.30219533111861	0.105836819888308	-4.64335828712099	3.47503056496659	0.45350929829663	0.853241068047385	0.962349806088397	0.66889255068636	0.855583030603436
29	1.67679328266101	1.80341688682911	1.56164500300337	-0.110670397444734	1.63322944915616	-2.93302840374556	2.57807176458461	0.206616397549469	3.93694953078935	-0.0708545056836694	-5.62020576505315	3.75197270085365	0.473105379014088	0.339171067716661	0.785524015759149	0.79392327196152	0.906563559035852
40	2.15959464727315	2.36740414360394	1.75359880423194	-0.624313222014732	1.55283117288237	-3.66215908571448	2.54022064279813	0.254511617597583	3.94014957765417	-0.36445772072844	-5.29561326207321	2.6959048164632	0.329600000642639	0.103054053703283	0.553811634494142	0.0799411770157381	0.465980228830125
49	1.61820478945401	1.75384362746389	1.51698399526739	-0.299229467138904	1.6743830687182	-3.34484902336759	3.10214145817542	0.233116750217594	4.01598428605026	-0.165963190858104	-4.82297696885582	3.5866104872465	0.432000000230938	0.438014107326126	0.83870165956613	0.517622566714416	0.799808395291591
1504	1.67989166593699	1.3836836551923	1.89784437454582	0.345131209922443	1.66738991800961	-3.12754470904923	3.15482391048774	0.241421259872545	4.34884700449029	0.183394404692015	-3.80927361049842	4.56340561535413	0.425514897274413	0.641234135931594	0.91791638469428	0.480655628243404	0.786160205780432
52	-0.717711818392773	-0.83742670706216	-0.455414424698905	0.318831901366066	3.63346456203666	-8.60216819963614	7.28120495646216	0.496562260091095	11.0630307012456	0.0709215889987295	-4.73904891340947	4.39240255481987	0.458308338472223	0.86468329269183	0.964791258010682	0.668752472258972	0.856432090452075
50	1.89277830389514	2.15838816492407	1.71889113637097	-0.386282887349661	1.21062730909214	-3.16943675144382	2.0399135226712	0.193070199270036	3.88995608317914	-0.265450284062572	-5.13702035569552	3.12842300523525	0.383923215765729	0.145298965258009	0.604484461989721	0.208691869129744	0.655261638432384
43	1.76110478869979	1.92832321678963	1.6622298564026	-0.0196129790171549	1.48135647027752	-2.19561998572128	3.57011290307439	0.216027502817726	3.42420868952583	-0.0128401088457594	-3.69430918695555	4.80994757236835	0.494301139791037	0.719700196366319	0.935189633038239	0.886592547961369	0.947105354080612
36	-0.0999171158136978	-0.0831818490621954	-0.12157684819785	-0.64466609424464	2.55741513716528	-6.3289207090911	2.67525586794369	0.306741058908171	6.9480764287781	-0.237708858703898	-7.8998581472843	2.57354374560917	0.414317136866818	0.0340859738499094	0.299821635887999	0.358784476349956	0.736768655373182
41	1.6988136466487	2.24740662573252	1.20360813823732	-0.847284345627726	1.68084057329516	-3.70652652465484	2.30089874839941	0.290280003505884	3.88983918086876	-0.463322118932947	-4.96204816492087	2.28559089260451	0.30700000075597	0.0292211526750793	0.281434843712163	0.0458991559398536	0.352425760041881
42	1.02059405295575	1.26222999216216	0.739856516578298	-0.452564110599141	1.69800792325683	-4.05185842487638	2.37287181512633	0.289224370551167	4.49919255901228	-0.246602771075682	-5.37292879670188	2.44059154109158	0.388322335924542	0.107424996856841	0.550584459839632	0.24129557811263	0.678795497258421
48	1.91111604701085	2.10002493369248	1.34406856979824	-0.617820850555524	1.38748369937043	-2.88167366620599	2.40264780192971	0.195958342121577	3.34733230577851	-0.382409123330724	-5.15530142536529	3.02499082246047	0.348730254504023	0.137601068434292	0.597254102214594	0.114954228927551	0.547002694986226
35	0.568815694514466	0.457133913742733	1.01448939889011	0.350933034110912	1.96786248036957	-4.0522692601483	3.93519141728963	0.217801626556871	4.97340257328354	0.149714055015741	-4.75304800002567	5.06372293438817	0.42340000026147	0.652152160049165	0.919500133372041	0.425100765335175	0.765135037712008
38	-2.02077091111147	-2.49974547107982	-1.4974401555463	0.931202774842878	3.32560044387571	-8.96983528818296	6.95672521725959	0.455433931565246	11.3314025894061	0.214272943796471	-5.36965371071652	4.88346063949133	0.378124375556717	0.722745039998966	0.931952275044765	0.228427475448873	0.668267279285812
148	1.39640402345078	1.54657590149242	1.19158797481686	-0.343199746992426	2.09757597950822	-4.10761752411188	3.87541859030263	0.255426621491348	4.90979425764218	-0.165053508955162	-5.6332617176021	3.91312919266127	0.418516297019563	0.433408348951106	0.836496057562266	0.417866591922964	0.76121876446913
85	1.40977533677096	1.52427252762565	1.2795295019169	-0.384911201919236	1.69809209387046	-3.93839676938087	2.27392822567774	0.247740783420629	4.03493419661173	-0.210883735077253	-5.28146648450366	2.6615095517392	0.395720856192093	0.127263624073964	0.585931068301269	0.314737121716648	0.716650165298691
81	1.64458861850315	2.05393314032855	1.46207144281199	-0.388917115120262	1.75511277245913	-3.43610574674926	3.37044717949451	0.211384784867418	4.20340917357205	-0.205758863347284	-5.51657510678085	3.96250900448035	0.430313937449351	0.459713913181579	0.848853786125342	0.487656090028036	0.788576298717077
47	-0.222376647991834	-0.392950339510496	0.313129611462381	0.366115248303613	2.4018502934566	-5.8178495719048	4.91418936095647	0.32803481273481	7.36639390779851	0.134121902087214	-4.41817603332443	4.59177486545963	0.429600000239413	0.744310636502521	0.94091717925857	0.469983775977696	0.781294352293473
509	1.2950726209028	1.47053257980156	0.418623902870339	-0.949952692614715	1.43504708447583	-3.75988717865605	1.6811274838881	0.193575219529923	3.57233819429757	-0.594379498768226	-7.20471288650189	1.77509739174211	0.26014797144398	0.00376399026569101	0.162945260054821	0.00938567276259958	0.2236901736342
51	1.24961650023725	1.38163770142162	1.19656549937363	-0.149290617778244	1.60116441775604	-3.17950544066524	2.34417520606572	0.222130187792866	3.69547603925157	-0.0839581854400318	-5.20215092856816	3.10262002879749	0.466000000113859	0.32810451088372	0.77822404534549	0.695633310513987	0.867654674852303
672	1.69015096834395	1.73468839118515	1.64496273789347	-0.114427543933556	1.14247219880724	-2.2548992099641	1.8683106583115	0.184699916128597	2.67646111690245	-0.0944168763030335	-3.98704712072905	3.31055475634776	0.450909818201553	0.532215076369176	0.87806593407844	0.617037900807596	0.837855268442881
785	-1.74045103675236	-1.84631993120115	-1.46722299948156	0.48113820883868	3.58897953251963	-8.69841161990692	6.49749893960073	0.647636751237645	10.1860691855595	0.114524932924427	-3.91825570562387	3.75926948539593	0.447710458084574	0.823785976131497	0.956983504980835	0.580486242229316	0.822881834863064
44	-1.45600291887734	-1.73806707934748	-0.893864919722851	0.771424383373846	3.4227258055436	-6.73367701589124	8.03681808813276	0.453422954895908	8.75286976081797	0.206372252432805	-4.12810150130543	5.67113680366596	0.383400000411019	0.393153898355719	0.817136846480507	0.25689218219028	0.676936724205411
59	1.43100058774854	1.43527761899907	1.42096203415723	-0.0194654918882735	1.50769089983653	-2.77639754762471	2.33294044688963	0.229940517329958	3.23086977610723	-0.0123930911484887	-4.25992548078027	3.28541097884009	0.494200000019336	0.796230284739378	0.951448152418551	0.869119526703754	0.939419396770953
60	1.34494723726135	1.27527755215844	1.41783630476453	0.17574742513756	1.87118916230083	-4.70288759384152	3.66686662048485	0.228240407131147	5.69213375820507	0.0863394622712036	-5.66188408797061	4.49393507118801	0.444911017982253	0.92349439821539	0.977102709759	0.573132879675332	0.820181391616551
84	-0.995621385327122	-1.54650928895047	-0.246740940626699	1.16755523664642	2.03659720939762	-5.00040667520844	4.44717108565342	0.309176362593626	7.24793839392024	0.447087665441052	-4.01125842887224	6.04503769658163	0.284943012276945	0.14489514236788	0.586317332862616	0.0223343088270908	0.269881547753385
56	0.867512779951177	0.866900460582862	0.868984507998164	-0.314699856638793	2.01464583608886	-3.91232511321788	3.35464316042913	0.294899411184115	4.93582339417263	-0.147691075561029	-4.49696213948615	3.2777322723303	0.436112777660917	0.404226811447199	0.819756748194586	0.50833784139616	0.795713724599584
72	1.32973397308818	1.21635758626106	1.48392654702985	0.365499187553937	1.76070897581881	-2.82417260529958	3.49053431444747	0.277726740708203	4.09021616277229	0.195155493370759	-3.25761433891233	4.24881504440181	0.417800000281611	0.418668547152697	0.835225127586858	0.408251248671304	0.759413866999483
70	-0.633338711392419	-0.667323002256562	-0.503589663628994	-0.30834791276788	3.83644012868147	-7.83763786697837	5.77518955877501	0.412972070126562	8.43509484546955	-0.0868774554430752	-5.66564503904458	3.90318003519099	0.461907618603969	0.369049900257868	0.804634309208062	0.699958714918893	0.868606751438091
61	-0.495596777939268	-0.681308584303754	0.0703310303396254	0.430415354739437	2.50508357728889	-5.38239029454086	6.10347170395851	0.364699305509099	6.56305570196402	0.139864924047561	-4.56172776487888	4.67906189727159	0.422315537157869	0.793679237471271	0.951605154175988	0.476325409216239	0.783130365199469
53	0.372934668684359	1.49109499895572	-0.295308594479985	-1.62862997653423	2.34349525189911	-5.00344261641431	3.26044888109486	0.351593870266929	5.13956412472298	-0.613934713868418	-6.29731614473876	2.20798021349664	0.278200000920463	0.00804591282409409	0.18786863538808	0.0204388749560395	0.26388603859699
66	0.403069011168729	0.187884779032075	0.649615693619372	0.285049573094824	1.90071851041131	-4.03522520969689	3.36221253054197	0.263828852233403	5.23555264881626	0.13009153920064	-5.35722005230992	4.22884053066301	0.433713257573349	0.843350383796915	0.961167766673328	0.502578422385558	0.794482449035363
55	0.98435389482348	1.55723768071292	0.650260386950769	-0.685227167766493	2.12111735272929	-4.34186768924628	3.39671251982925	0.321755342545636	5.42358547281327	-0.293322183926948	-4.77244073228776	2.91674029902208	0.364927015082574	0.146977390246219	0.608698832054507	0.15659125960518	0.613207400052408
58	0.392422181285613	0.260648613585198	0.816458065734849	0.919695251365106	1.97350551227141	-5.68206267547326	4.53946128725074	0.274907425121704	7.43613079258475	0.345320256673084	-4.7764446876311	6.39049798403459	0.317000000704352	0.239782766702934	0.708908116653338	0.0608257529044781	0.402691208614154
301	0.356621389225534	0.293909267921371	0.402065752197094	0.112502495224088	1.91092698608299	-3.98695960831052	5.63206707008313	0.257571120041495	5.85218599743394	0.0487165122117469	-4.62558804501048	5.22692436642312	0.47250549899211	0.926501094388055	0.977538905788496	0.814502372342291	0.916800604010292
1445	1.4297378839644	1.47862681976191	1.19831570314152	-0.239742912745446	1.92954336581477	-3.51281980249242	3.13394660223155	0.340205938552426	4.31987747538079	-0.115252779452652	-3.75461108753694	3.07711327823856	0.45350929829663	0.567558176864221	0.89484910353467	0.673688812114549	0.857447584563085
65	0.159512093493375	0.0127348235508782	0.696301800678729	0.758909953614851	1.96602204784092	-3.72068920501652	4.62784216175253	0.279200850563035	5.31888996042627	0.353772880644364	-2.70019627641998	5.79288419319124	0.332733453936902	0.0999902911540816	0.530368903138099	0.0847892154848174	0.473176034618657
1074	1.59842994751607	1.34717208744027	1.8029541618066	0.608360696757462	1.00352589923766	-1.15105194666144	2.6093449839256	0.162061075018316	2.26061894377657	0.576211669569387	-1.6725001450252	6.21852237635416	0.265600001001418	0.00764259986699274	0.183721279002589	0.0125690319729891	0.236515785758377
64	-0.537393187760927	-0.711176716032789	-0.194229678375716	0.550433680297092	2.36020639131556	-4.57699272132753	6.62600118561403	0.286310149268908	6.61705943800924	0.193376355968352	-4.85506518348112	6.33723276891316	0.370600000462297	0.491591202522097	0.86662460461577	0.201227917601401	0.637507207415716
97	-0.415380909557484	-0.747300543710606	-0.227846009804136	0.248477052761159	2.85965358293491	-5.20883572052052	4.53955000144871	0.268219910985686	6.09151657861489	0.082401081049939	-6.53752242735085	4.55840788973151	0.459708058523453	0.569292375610844	0.894993156858918	0.654161016221454	0.850960895496326
237	0.29690606898863	0.271166875758213	0.337110753255444	-0.454236782426643	1.97435609680062	-4.20486650933701	2.55818001645589	0.261698596672255	4.62210164790666	-0.218916663560818	-5.43207895657386	2.89210705292658	0.419316137048672	0.149272544917139	0.608632341416788	0.374692801988779	0.742057914070092
57	0.388463629218966	1.04935031799843	-0.120597325173725	-1.20832411890026	2.45529327624204	-5.39919271383754	3.42652404439851	0.352920255795674	5.71025471049853	-0.466369105458761	-6.00148312075589	2.38461377696898	0.312400000727788	0.0317607832404248	0.290278338790673	0.0457597628888469	0.350598350645201
383	0.720397254134444	0.936272066566309	0.49330434988786	-0.832450722227733	1.82851504288892	-4.17677114726292	2.18887536304532	0.268526300072822	4.07402235938206	-0.435668587395606	-5.85843553803119	2.13460800521402	0.317336533395838	0.0172257991489109	0.231133200291826	0.0559578936714823	0.386572698214844
69	-0.70694190219949	-0.672783891366766	-0.759973233353125	-0.181703767314072	2.93189530816971	-5.57759710942133	6.83652109660353	0.444644572958886	9.38333915028283	-0.05541879509106	-4.06604369001799	4.11990810295775	0.473600000088246	0.753760967221723	0.940414696520191	0.765350982492907	0.895274299421052
76	-0.761324507761666	-1.05059873152387	-0.575318455081137	0.39604464210202	2.37163588154824	-5.96091461463445	4.0773237100873	0.354469074352005	7.43335606389272	0.136025806940779	-5.4810953659603	4.06673993541337	0.433800000224604	0.878525527713886	0.967841675738776	0.503548213658714	0.79282784049084
1185	0.0994180971871836	0.063444706784292	0.146374971024779	-0.185679119123701	1.70183393322005	-4.39348743109633	2.50061784823795	0.265953357663418	4.76386173402166	-0.0942785490842207	-5.34131833842785	2.89918575512521	0.452709458267372	0.277445518122361	0.736818894344198	0.663029043663762	0.854967149760613
89	-1.30115292705535	-1.35340323576973	-1.19114596493851	0.0636532845973985	2.80395368753896	-6.54048614971803	5.63686839594319	0.354177049359613	9.34344046672308	0.0181249707009689	-5.66931296012446	4.58727414370784	0.490101979637072	0.713678986227271	0.931201794190319	0.812510764714363	0.916682978113333
629	-1.28637866222283	-1.5854356738797	-0.838088950553516	0.771038868794727	3.28491675740512	-5.7616945271927	6.1698829834413	0.561999216732994	7.76048362919906	0.21544723996031	-3.02410351800138	4.27662580768682	0.40651869658351	0.421628502809893	0.827537322769084	0.341616817526571	0.730067132080361
67	-0.209975304080622	-0.570824962684426	0.095383260625832	0.56058842566509	2.38652707054796	-4.72960264925321	5.4941088286621	0.412117832220538	6.44622648978036	0.20779155377779	-3.77428738343258	4.81983520787432	0.399400000349481	0.453486199136728	0.848651200597591	0.285153464640422	0.703152868386063
68	-5.65381620540418	-5.84820888299571	-5.40925552835473	0.172405164941589	5.56488890856114	-13.0229402914434	10.6114009091695	0.898628554128814	16.7136394775535	0.0284470897696655	-4.4744914624099	3.85380636537881	0.484800000050714	0.668099086847439	0.907948252045086	0.72281511836682	0.880258477818257
71	-0.616174528159269	-0.341667591070264	-0.824458752343626	-0.563134378373798	2.50937495021195	-6.42908708386282	3.86915585241562	0.373329316507441	7.16937867129967	-0.197082687322469	-5.30463327900419	2.73057213221146	0.400519896365925	0.18239752655718	0.644759789637927	0.313674469193773	0.714490017954535
82	-0.209960502197835	-0.183139804567811	-0.308487983798113	-0.215038554547578	2.00014217782482	-5.57620251236917	2.78548445653434	0.326501449549713	6.16157954793142	-0.0969343893819123	-5.18016008793546	2.71596577906489	0.450709858194241	0.250821804343355	0.71368862409793	0.597485769204797	0.829999414207031
79	0.0868529510347837	-0.0390176274609235	0.227284004883929	0.325871034838832	2.7282709418862	-4.80068743357792	5.41419003084543	0.426428490165272	6.62019377982213	0.114006783825665	-3.58965996743881	4.28015089069559	0.446310738033408	0.655857784543688	0.921571180863468	0.581534109056904	0.823825614900174
77	-0.564601191694328	-0.839941571067432	-0.184962683095137	0.346066788711981	2.87643719021841	-5.57316232449817	5.56608486356634	0.453915768249757	7.30200589299189	0.112879282806792	-3.59950617492023	3.82214027721002	0.447710458084574	0.752862005671578	0.941617754073631	0.628044587870703	0.841066691186148
1004	-1.31254235331959	-1.44847622867159	-0.968729461658304	0.491280719078943	2.47597232843583	-4.41288577521855	6.68953020781351	0.407713420972125	7.3927207688192	0.169506170081361	-3.28227749576982	4.95502516767793	0.411600000304174	0.326706416431611	0.761478386171806	0.361407655337225	0.735548506790839
318	0.0365137277909753	-0.0836838559484931	0.562513972734713	0.357713031260579	1.73501281766891	-3.92954798380311	3.05426142497166	0.260940369623002	4.60187781314654	0.184457053149093	-4.19849077200746	4.24343937011804	0.41811637700501	0.75783406001036	0.942246358361674	0.390655128251088	0.752205685844008
86	-0.338385693497936	-0.209354461098266	-0.644508156957872	-0.333040184817962	2.08352704112552	-5.41891696941481	3.48533265317184	0.322668200122682	6.27926583236477	-0.146385301875529	-5.24704267855218	3.03787707342779	0.416000000288132	0.305049146721806	0.75931942990803	0.424943381698909	0.762242682126468
95	-4.0990809253967	-4.11263269633556	-4.09444567276212	0.841080210415001	5.57749311501012	-9.44787620762213	10.7006746133263	0.795940068076387	14.084798793015	0.130802125655012	-3.23801948130655	4.32111909889778	0.439512097785023	0.576894200649717	0.874445602622143	0.561315987804715	0.815601356582284
96	-0.968365911013039	-0.951361118387394	-0.9771610424283	-0.0763329291207455	2.63403393319819	-5.01975368623525	5.40210309262448	0.420201638981887	7.51649492325125	-0.0260621478724105	-3.90673847191755	3.82238281893825	0.488800000037352	0.856761131815154	0.963242371604992	0.885513897951715	0.946804537998307
91	-5.19596795195143	-5.5596919242677	-4.57388815147451	1.02269370415835	6.25724110448656	-13.0676607567324	12.0283814898885	0.776166433734618	17.4085841889839	0.148043479573476	-4.14756299129255	4.41196357816958	0.408400000315937	0.583400924649099	0.869847985805943	0.365191307618437	0.721459927734918
124	-0.99093723289249	-0.514644751008363	-1.12298171370796	-0.590607643984368	2.78960662671507	-6.9577572756006	5.49106189199549	0.386358977479535	9.24602789863967	-0.175720541158735	-6.05801950376047	3.60025348083583	0.422915417179716	0.344041606884187	0.777733810226871	0.45577833581555	0.775870880131321
447	-4.03929416201724	-4.50956895740776	-2.28215318228193	1.28824898378144	5.18298336770887	-10.4279534791345	10.8785016608228	0.694097268806272	14.7172305760023	0.23993323598946	-3.58541302429294	5.01760776064031	0.371925615333734	0.340463498875145	0.743585532035902	0.190768045602747	0.612179057599981
1007	-0.136896114491481	0.0950976157885695	-0.343414078751011	-0.525346350269193	1.85214766810638	-4.9182486520697	2.33356528692185	0.308342483256942	5.26299265091672	-0.259467009868842	-5.47570910785583	2.30227820095893	0.37592481547754	0.0616891200811992	0.412474769173206	0.187459114225613	0.630223402013637
80	-2.12393352794717	-2.3847178071761	-1.60104791180208	0.692665244276585	2.26573060080757	-6.56470385377824	4.3984768558033	0.379926173122124	8.28481915905577	0.236891041528848	-4.74156887654101	4.56485958430239	0.373800000449289	0.638106984094555	0.90188522570936	0.183145779280095	0.610279794258942
87	-0.820050994859106	-1.09192886106499	-0.357620207884937	0.933188219637259	1.62043617572433	-1.97407118954946	3.99126519247831	0.250866319472709	3.86310869189177	0.573988735699492	-1.84799639709455	6.25753226001919	0.240200001186275	0.0130476704520789	0.206953124332836	0.00882385209915808	0.211499001382336
266	-0.309515845292026	-0.45828977894166	0.0334213262864766	0.421277194765425	1.75936502974467	-4.52248374356161	3.53857063642567	0.29143264163917	5.40744562794503	0.204581587650817	-4.19136475503248	4.63147618187108	0.391921616054632	0.600921940938851	0.903266193627792	0.290686646535821	0.70156021399077
1122	-1.93803227362472	-2.08874545565419	-1.7677926825322	0.403550092562631	3.60031688245116	-5.80413052673098	8.60493484093244	0.493851950691233	10.2495177475405	0.0964714970268584	-3.67690217612014	5.82472963544445	0.441800000196665	0.435429334481413	0.83335973713063	0.538142549254392	0.807552812690876
117	-0.079031220662471	0.12651488954701	-0.286364936402001	-0.372662646991651	1.47822751272918	-3.89055978263365	2.19246180544253	0.249143059568015	4.51078611936636	-0.228874967446651	-5.26192953443036	2.72639882273586	0.387522495895651	0.196882064300261	0.655143063281392	0.257458159987027	0.677101055931204
1164	-0.692663460438183	-0.582449474222478	-0.854810600783135	-0.187270123173838	2.45285166730889	-4.46522946970522	4.99854805419437	0.389117331398961	5.98587508540016	-0.0728832302854366	-3.70963186786756	3.6268292340299	0.465706858743079	0.817394873167318	0.955961389508539	0.719745109537507	0.877806557393359
104	-1.254547445266	-1.38076444176047	-1.12230523885937	0.179719811430533	2.87223845903909	-5.36243094547086	5.2617119050264	0.342406298824501	6.51404979452296	0.0621522459280457	-4.66113950838512	4.21696873997051	0.468600000105081	0.873063873332113	0.96791308647738	0.720852531387813	0.87839168220503
100	-1.64922456130967	-1.76495949932518	-1.44629170047135	0.100720282936107	2.63939345270296	-6.78724688593085	4.41472529469774	0.418683161981963	7.57062107358528	0.0295816287049009	-5.03905015209083	3.41956927638107	0.482800000057401	0.581585320639426	0.894838356620473	0.815332769666615	0.917386346520297
98	-1.26317372422044	-1.21966728103631	-1.33951647887508	-0.128804238863101	2.09998833076512	-3.93928362542009	5.04376136759435	0.340083694192121	5.70741520176409	-0.0554217405484305	-3.56540091627953	4.52643415124953	0.471705658962805	0.87488449855592	0.967891365674054	0.764886537799779	0.896265772548059
109	-1.11371253115657	-1.36816435276912	-0.657715733325643	0.662269498088927	2.32403167626075	-4.9090720237013	5.68372587409693	0.354532629962388	6.66208051508675	0.251569290532091	-3.67537652914305	5.10559386052337	0.373200000451718	0.353365847535294	0.791167265077095	0.19336977843893	0.629080438463806
112	-2.43690304281072	-2.61725022160136	-2.15560421423218	0.429590921632258	3.33122677843008	-6.90388704090008	6.37863816252992	0.525842832934625	9.50213944099134	0.115122387959401	-4.15377054260739	4.01482116343941	0.439800000203618	0.727263588527555	0.931274360420409	0.535567964046817	0.806087893197204
670	-1.35588903816309	-1.31885148123151	-1.4615627519946	0.056258915041397	3.04458460073436	-7.198046560027	5.45925146413846	0.423954503087508	8.87645404870335	0.0161906011040607	-4.23266621056211	3.82617922580111	0.490800000030677	0.811411956523679	0.953832507358228	0.848020997094959	0.930764224919358
1092	-2.58392902723537	-2.895217472661	-1.85131131274943	0.821894370413102	4.56732306758711	-11.0149015752669	8.660756826678	0.641518733755243	14.136865439852	0.157119919338978	-4.98503644615063	4.81126195294169	0.411600000304174	0.753843477671696	0.938795829665884	0.344506387664449	0.728342875343147
951	-1.60482732778667	-2.06267802360383	-1.10476087578742	0.945447633639584	3.05565608250224	-6.99591205159223	7.77990069950263	0.421501844038305	10.3985971360898	0.2621807806157	-4.54155899354131	6.02942420036049	0.35400000053203	0.394778214693218	0.793757389532654	0.154877041702691	0.59515551394536
102	-3.95735660174654	-4.28513151925823	-3.58132394495804	0.646196491850659	5.13779498006572	-9.92077721186286	10.9570151590148	0.774224984800771	14.3574444431971	0.108326116154777	-3.82088945714101	4.19194515398341	0.438912217763117	0.597623787496332	0.874431164422065	0.551527474891187	0.811528818494013
178	-2.92551670970074	-3.04914385129609	-2.56360981007071	0.155057804854373	3.55114712534796	-7.9553429542103	7.110858249175	0.566186576433507	10.4623233731529	0.0373281643841434	-4.14284754492215	4.12212619961639	0.480303939277887	0.787736845845841	0.947436888153169	0.772693239566629	0.899910924181821
346	-1.42657364421653	-1.40017045254321	-1.47781081335163	-0.207300775039369	3.13096626122521	-6.13749437532455	6.47840536427165	0.489865795169062	9.11315447059695	-0.0549435851319968	-4.03127908625559	3.64056148303727	0.472600000091609	0.837117716296041	0.959655014972337	0.784789151936522	0.904302464885609
975	-1.52872990942617	-1.6529640489424	-1.19757236510452	0.354081141253421	2.41993261279335	-4.73034212449659	7.17935792830557	0.363874379453714	7.53601973732143	0.128369812086315	-3.62444575302199	4.81031516550199	0.430913817471228	0.450107987214884	0.844005959253276	0.468058795772887	0.778726878434374
130	-3.22466763044731	-3.25909972742936	-3.15490522659693	0.15235486479242	2.91811701866362	-8.13326233550688	5.56068704958725	0.493309043549688	10.0766182265492	0.0436948525967205	-4.90072051001402	3.87605307385737	0.473105379014088	0.727257227890801	0.930951668131676	0.756578734028784	0.893539780755024
78	-1.77064165621587	-2.37135517434673	-0.601960762111111	1.25354774039406	3.25805987096546	-7.00371423362515	9.77106376801653	0.389390004983284	12.0758265732378	0.327196812917182	-4.09538313820613	7.44407151162176	0.28694261234511	0.134151911885027	0.504219727976202	0.0277499395903022	0.287374841593918
106	-0.987524041843528	-0.968525865902235	-1.02331379192981	-0.202274928966329	1.669600851311	-5.38302359073613	3.4383286766558	0.241484199611569	5.97119659611701	-0.101533930848264	-6.05098812520308	3.78382773655289	0.440711857828839	0.421498340928713	0.824557447728756	0.551262082575848	0.810659463641302
1370	-4.00137340902487	-3.92036292020226	-4.13654000456785	-0.334667974159179	4.49427067300141	-9.60845240509203	9.21472320809885	0.672457819666307	12.9422331131142	-0.064888691794339	-4.00520514657477	3.82962270267797	0.459400000136232	0.660934067432376	0.906266518067532	0.682328018344506	0.863820487831786
819	-3.08764873947874	-3.13474119943788	-3.01056165554101	-0.356969125698645	3.57361803118317	-10.6600536916751	5.21249999949997	0.527967102996962	11.5761143619335	-0.0880538244377609	-6.35704118774223	3.16034568267821	0.454909018347836	0.257716443523169	0.699897133029598	0.613151010177337	0.835525193959374
129	-1.61610358080406	-1.68529839880331	-1.40039158899508	0.164249335545804	2.04234418470995	-5.93887965063863	3.89112958367715	0.302748426463043	6.96026853702218	0.0675412128227804	-5.50754320101241	3.79847988950958	0.462107578611291	0.705848256907478	0.925854055416141	0.688733005900549	0.866700543925829
133	-1.62492366243547	-1.68018585133669	-1.49064362393638	0.266145293348676	2.12848964876788	-6.39022816286204	3.52236157647159	0.364482613158979	7.54335460072376	0.103093371431427	-4.61009373612136	3.52195934439361	0.451400000163545	0.801784631402416	0.950608596835079	0.638771510044442	0.846003118776081
538	-1.9884715762231	-2.15085781242243	-1.64544918705539	0.531092726695256	1.81318196367596	-2.91085791644856	3.84020084483732	0.325606200999217	4.31390843599481	0.280423929249589	-2.74296003960891	4.70702793651946	0.37552489546315	0.209233213285826	0.651336823518669	0.216702179765075	0.625979768977738
144	-6.40298642707303	-7.17567677523487	-5.02112646708739	1.847958658451	4.81091716326098	-8.20174822747456	11.6375791192206	0.836504226001607	13.5611702177806	0.344839302808432	-2.66580286803546	5.01011982537185	0.344600000573387	0.176038089325593	0.512702469371746	0.135365380793152	0.489058906822429
143	-1.81299280457919	-1.9749481984085	-1.10651427088202	0.80006268626107	2.57175635043995	-7.45494091881198	5.64080134857706	0.348300706893639	10.9565425618078	0.232345698945457	-5.49526897356393	5.47594498836485	0.379724055614336	0.656497438141479	0.906270434807928	0.225795024525345	0.656002395805217
616	-2.43204641088063	-2.51740627107937	-2.22965388631007	0.377099575890553	2.67804436343277	-5.78486643654273	7.75358556261289	0.453610937986044	9.63937930321808	0.116267251600594	-3.6677112522986	5.16715732345778	0.435800000217588	0.498783617164386	0.851156371018764	0.545446125426717	0.808930012525537
128	-3.06693799115433	-3.04424838524908	-3.14985765345539	0.572374695312504	5.18825991384812	-9.61483160267649	11.3126841555391	0.800463570684799	14.3801277389247	0.10110257797152	-3.50317368823764	4.52982773359726	0.450909818201553	0.589694649647406	0.879997180858404	0.637416440263333	0.845482570960918
126	-2.47024997785009	-2.26109535316248	-2.86338490324436	-0.599140473130275	2.19035263150142	-5.78571922040839	3.98334710956229	0.366765471412882	6.48329752234746	-0.231681069373432	-5.11157126734828	3.08423994831702	0.377800000433209	0.245456806586244	0.684845981746422	0.23734197645132	0.639586760837883
155	-5.19854750276132	-5.4000025741618	-4.80010402414891	0.773981762582827	4.71282547963289	-10.0555750038639	10.2716638394384	0.720093320027323	14.3050682395192	0.135246298856134	-4.03832923465306	4.75023105173698	0.421315737121463	0.564425385489337	0.853945430192476	0.464452897455508	0.766035158057513
203	-4.90112019316841	-4.70147262856261	-5.2805294715231	-0.0381240579441728	4.96433428796932	-10.1883834769916	9.89689207181218	0.852343496885527	13.8669522248066	-0.00687584290488547	-4.02424989365628	3.49979129049727	0.496200000012667	0.679183770825109	0.912228372152898	0.761179722350573	0.895106823714955
92	-3.22734173180921	-3.54542689521659	-2.31667016898873	1.04351691436571	3.57032401264729	-7.68692026209669	8.65486870716036	0.577215632392867	12.249876096065	0.251901403399544	-3.71668601059125	5.16271357873888	0.372725455362479	0.354004456593164	0.741379504115818	0.20763049731722	0.637890384140333
1082	-2.10069544048389	-2.12498170326605	-2.05955520808624	-0.0400275408319244	1.82173339555181	-5.99516549252629	3.37292105671718	0.278327587001132	6.6635360537544	-0.0179629112520482	-5.35659661218888	3.73204034568095	0.489200000036017	0.578691761110022	0.882080315579209	0.728555826482994	0.881715173472215
168	-5.20156458963339	-4.99602847118275	-5.4581914187267	-0.434712507752369	5.53137831908727	-11.3030091384499	10.9668431221892	0.924511872978065	15.1961987852447	-0.071134024511021	-4.03273827035905	3.61120023922435	0.464000000120626	0.625590732286062	0.890703833873635	0.669876172175166	0.859204649705408
114	-6.2470048061266	-6.44003820552843	-5.84182442858521	0.466197826126158	5.94173339481572	-11.6549777134489	11.3331611057361	0.914345216556231	15.6536849417869	0.0759198175495878	-3.53509047740115	4.12619476015741	0.461200000130117	0.638759752242825	0.891545168087321	0.631698502759272	0.841693058454283
170	-6.18332503221278	-6.62295507021617	-5.44148466352307	1.26984434453874	5.47453334238477	-10.7614817812447	11.6671581634782	0.907961167094881	15.4601459942125	0.205711781509991	-3.09944302495964	4.67400745326021	0.391400000379923	0.386804806256658	0.743410464308064	0.318954069414622	0.668569194956802
161	-4.16642903949217	-4.47287943454382	-3.66437314961887	0.877894534050446	4.93845787963313	-8.9844813966806	11.1072536494923	0.795962891308449	14.0749363526383	0.161186042816705	-3.09574200317049	4.92281201877163	0.412117576786862	0.39577423793473	0.759704850697637	0.380788899627424	0.734601318360015
175	-2.31297987386189	-2.24247856394715	-2.40468828910239	-0.215028745959213	2.28199460112301	-6.57911183547941	3.94121827603728	0.389882793643884	7.68435033926884	-0.0790419917666161	-4.82953152493948	3.29331778159185	0.456708658413683	0.501401084219708	0.847906397046921	0.697743765812449	0.869904432247134
209	-3.77293790425322	-3.80447255023086	-3.71014284621253	0.28623045723273	4.17004018246966	-8.73423839557812	9.19533934213124	0.613924956768429	13.1441720429363	0.0604065789174488	-4.15325770002193	5.19728002892584	0.465106978721111	0.665703584909353	0.90327740247823	0.690691066844001	0.867175846789793
183	-2.68972387000411	-2.41769525721281	-3.03011135505827	-0.809307440454432	2.81456354369009	-8.32814118104616	3.61084920662047	0.46778506888816	8.91303309575047	-0.250644452587472	-6.26122067205721	2.2679004603899	0.371600000458218	0.0861307537297317	0.474998714067274	0.187911659201324	0.600831773856694
160	-3.28930079437005	-3.64382898443027	-2.56530137260072	0.976027664021327	3.00485057248506	-5.48817277888801	8.33609557760616	0.483343850922149	10.2968988476719	0.270200696473044	-2.88016584685622	5.6561999855048	0.353929214689292	0.216887832978524	0.630526527749605	0.149236251460316	0.550106045245665
634	-4.24417601147586	-4.65437705489951	-3.18310249469188	1.12059561841144	4.11682298647252	-7.95782012442823	9.71935778172382	0.62726701664221	12.6408517027496	0.241936278127957	-3.50409440627718	5.02429516858031	0.373200000451718	0.333062793889553	0.708604797909851	0.213492663496713	0.623026693412936
162	-3.70021381365593	-3.90197402686539	-2.92312576877819	0.877917442620203	3.6137426940676	-6.50569092196766	9.13768872550455	0.558955002635275	11.5259290107856	0.207947183299072	-3.30118998367996	5.27348694765789	0.386722655866767	0.353873065302197	0.738871382273139	0.281714403761489	0.677117610135802
1477	-5.51114380628975	-6.08654829212283	-4.6253628783984	1.0620178235112	5.0812964224496	-9.27479346544039	12.0774921513924	0.856766659049926	14.2463309488273	0.17840595966277	-3.2676541062767	4.82280718162883	0.408118376641584	0.417997438516306	0.772819518927321	0.393983221311977	0.728538218967753
184	-4.46634278613128	-4.6758259214005	-3.68624721633207	1.13537133501025	4.55542968037039	-9.58444795221218	9.6665095382676	0.66260898434927	13.9493247232309	0.208471110971206	-4.28173751400047	4.77586193544975	0.389322135960665	0.520589913187818	0.829370535324069	0.264877492271734	0.66689213264971
207	-6.03570445688444	-6.70408419348484	-4.95349012489594	1.65766468044818	4.79495316042589	-9.02625305336728	12.266314831793	0.756891109823977	14.670246031727	0.297974596860861	-2.95580669295733	5.83578602479399	0.345330934383128	0.159873693700115	0.529293311841597	0.129762884301078	0.485085763619655
1046	-6.37286185600634	-6.71868512408864	-5.63002185272274	1.06631910260686	5.0702843026524	-11.3526723733163	11.1313730586428	0.863348524666509	15.6986350080927	0.178960247149109	-3.90207504937553	4.64749781908655	0.405000000328527	0.529046965743849	0.828488899973851	0.409882497760706	0.72758726702209
261	-3.3359582723441	-3.56184374824156	-2.86056027937829	0.739522144069245	2.5014276509733	-6.02964766794747	5.70434379836476	0.432249514926802	8.78074722269367	0.239963135441875	-3.96390892188785	4.70114214409062	0.376324735491931	0.436523282687743	0.792681613816291	0.234872245129993	0.631934335730372
268	-6.84794619447183	-7.43924361809733	-6.03021481783459	1.06721349674595	4.37125761655853	-10.2095817561286	10.640046821179	0.711071547862085	14.7804987463907	0.195860447032246	-4.10649255850974	5.01930559943494	0.390321935996798	0.383511379984979	0.71139410603408	0.288575176854009	0.620546200341367
