rab.all	rab.win.Healthy	rab.win.NASH	diff.btw	diff.win	diff.btw.025	diff.btw.975	diff.win.025	diff.win.975	effect	effect.025	effect.975	overlap	we.ep	we.eBH	wi.ep	wi.eBH
0	6.45823085319255	6.77159509423563	5.85853737394274	-0.639129578169943	1.07098444287724	-2.50556244652124	1.27936232392289	0.115439584178914	2.43213619674714	-0.573054987873974	-7.94919446923784	1.87421535261228	0.287800000862723	0.078194448519073	0.685491101683308	0.116648054731646	0.827616384161465
1	5.98342609528414	6.10555375289703	5.84005547187166	-0.262705846828988	0.796273743537769	-1.44332640965575	1.56960279202921	0.107557148622331	2.07761960530149	-0.295110330314786	-4.92086720821294	3.94799460002724	0.353200000535493	0.604491462088449	0.967801108202334	0.304332146181991	0.914512522217602
2	5.84945135046087	6.10046039373114	5.44983226531039	-0.655083265702273	1.24282486670973	-2.85307047910023	1.40430460105176	0.137425362281987	2.68869984223255	-0.533445752817101	-7.02241502398917	2.05084344860992	0.312800000725729	0.0850085201050141	0.698493198045733	0.169685726038667	0.867874582472276
3	4.80107193196408	5.31631981947199	4.63352234649051	-0.469662469827132	1.74180770823086	-3.42778287815399	2.90911359489044	0.181676229131998	3.58737701560692	-0.253109198765812	-5.00064645893496	3.00592438045295	0.388600000390729	0.477197746065253	0.960557276006777	0.45036233735305	0.951373243586278
5	5.14800467976038	5.37573444409817	5.03353432863451	-0.34816487608798	1.27318672977229	-2.52463142919324	2.11216496694009	0.136114271334217	2.74112687315824	-0.248278800542454	-6.16191122406451	3.30797833248159	0.372525495355292	0.384394759296957	0.954132862253443	0.369591948299379	0.930358351203577
4	5.05710102764157	5.18219703278489	4.91779402197468	-0.347508608292627	0.868580461775541	-2.4556170323455	1.30031048509156	0.105200666119312	2.33541334744848	-0.349925581636522	-7.24558247616695	2.33668831913696	0.322135573563927	0.18280324086119	0.854866386020887	0.193168330121891	0.8740184839162
6	5.09988517040556	5.22463282383407	4.95396232475852	-0.309342609408985	1.10864269225845	-2.28709685850759	1.79995000381056	0.157254049125904	2.38746274291872	-0.280071622609892	-4.43420802133546	2.62881864204197	0.370400000463114	0.387377246961314	0.953264731274385	0.348053075407565	0.927985081959405
11	4.90222187552763	4.93404434515454	4.89062414433714	0.112314549199034	1.06378347103369	-1.65069929748264	2.13404792822683	0.127923965672925	2.06845330028914	0.104235984680477	-3.37213710852864	4.28804818367351	0.440000000202923	0.680069590957148	0.97629331492433	0.698267769382321	0.978472261475879
7	4.23317818729545	4.82714326902099	4.07712805800316	-0.406865115227439	1.52246408402899	-2.76656682523927	2.88587244973295	0.169655474071729	3.53359571374632	-0.243347311629174	-4.79820111334509	4.0215216139403	0.40651869658351	0.563852334144018	0.96564564518231	0.50610242698478	0.959208446910147
8	4.42281239106454	4.79106260605042	3.65917219478224	-1.2946326534502	1.71740384499494	-4.35296669718838	1.60279576415573	0.153610486447591	3.84459921575288	-0.826614986437406	-10.7226334574951	1.36993587665013	0.187762449215945	0.0141716912208595	0.568112618635709	0.0184596548961874	0.608797411763204
13	4.59054247956069	4.60948986074345	4.49348894553598	-0.225597522864147	0.951026220839235	-1.68639893462461	1.7582188147937	0.137318354453133	2.47358268808451	-0.207502881437965	-4.25728410206258	3.72389839799797	0.424115177223416	0.775935614650533	0.980913673725645	0.603273333477668	0.970178696603997
9	3.7633264974994	3.37852639496622	4.3515477085153	0.215535998506254	1.9498215824361	-3.26851192075845	2.9231706373562	0.152223114649774	3.75736844541496	0.112802968195792	-3.90040837892818	4.5219708558532	0.449400000170412	0.792067770572017	0.981423952178695	0.732957024399749	0.981813125668869
1143	4.1080604022764	4.40161718922696	3.75161266057841	-0.425021476839633	1.51410195693566	-2.80264017637601	2.05897378634227	0.155070320854278	2.64763967113271	-0.310523285079524	-6.18824979095284	2.56032748407154	0.344600000573387	0.292216955538486	0.925610852400067	0.266725107709628	0.908114477905043
15	3.31254336164861	3.01857032554693	4.1725055463055	0.966308897752217	1.46399240506527	-1.66036153156721	3.61958796837905	0.149458373367331	3.77688339778487	0.601941038316706	-1.7485950338823	8.43692321856484	0.284000000885199	0.0537884289232679	0.651766442826216	0.114305852042694	0.827583254406978
10	2.10025700344703	2.80162057150919	2.08656597046272	-1.31928323955193	4.11270579970656	-9.28925162505297	5.07043205440361	0.304228404125565	9.13289503141734	-0.337117075582388	-6.29448413945925	2.69625227738631	0.36560000048289	0.218168782064091	0.877475421015607	0.319919710320639	0.922988845075548
14	3.49808476404485	4.37350321758981	2.99310778560302	-1.10674431784915	1.23875809816007	-2.78440183275041	1.7401820241685	0.14183220852877	3.0743121238471	-0.788157717759765	-8.86529988925122	2.20625093140522	0.236200001218524	0.0373462839332593	0.642051988918307	0.048042293619693	0.712008801224549
12	3.89578671273956	4.20043045217398	3.40152085617556	-0.712847495832295	1.10388021544517	-3.09050503093376	1.23544527516914	0.148783230504632	2.77258820903115	-0.581848446495446	-7.23813169478952	1.72994145353808	0.270345931783638	0.0534927371031649	0.648808986084978	0.0909579445322479	0.801437140077038
39	3.55196036436231	3.60633599220631	3.30387899489655	-0.316542168886845	1.49318701238298	-3.29184661424025	2.16569570385474	0.163828828276808	3.39929205357476	-0.188538112739004	-5.09875173699089	2.75640038182559	0.418316337012286	0.48833402183757	0.961077293065941	0.576989045010717	0.968625559303946
17	2.38961040819145	3.347490213069	1.7694913006771	-1.50584189880843	2.64705899825874	-6.39815710186147	4.02057378783139	0.345199678480257	6.04699272772018	-0.542877808990792	-7.448197990725	2.15841945150702	0.263147371543416	0.0725355554173784	0.671884688676348	0.0817967373184091	0.789957352137956
16	4.0128175482279	4.47893276667192	3.70298311753621	-0.62789500520351	1.33274152719061	-2.72114612337332	1.93542919081344	0.162269350283843	2.72311176549492	-0.447445151781054	-5.86600656721341	2.21763390496064	0.318936213451809	0.163149339763312	0.845913003514202	0.202050802139037	0.881265855799569
18	3.7218091092115	4.17810472184564	3.31981977892443	-0.865812335522053	1.04068282622159	-2.41885862002847	1.54381309414564	0.121186908931154	2.51225632234607	-0.741258368802352	-8.36754284371539	2.4486162890426	0.223355330262674	0.0497109774929822	0.647577818630911	0.0405742384550434	0.698434212328227
23	3.72455108411369	3.89465133425416	3.02097384469058	-0.993969840502314	1.37471580262573	-3.28627174186206	1.53544333578051	0.187575600961841	2.80418095062367	-0.7025131455304	-6.73433918903262	1.50526017388739	0.222200001339489	0.0299836941514503	0.637974844778359	0.0404554764121328	0.697620011862717
20	3.81427133583488	3.83806819592417	3.7955603196643	0.0492754322748348	0.885871988621333	-1.4693248352906	1.68821452382716	0.122571412758046	1.83850011853658	0.055980889903085	-3.64716661501477	4.03856987517295	0.482000000060077	0.764171023112287	0.979822233397494	0.877204399315854	0.989325522142173
1090	3.52725436096235	3.7418795254786	3.44220613294122	-0.230701953176542	1.05051719658782	-2.0170749972859	1.55763768085276	0.157266313026709	2.14368245517117	-0.212036327140722	-4.3620909257083	2.77381200101259	0.407318536612544	0.427433316804586	0.955447038172412	0.519268646214467	0.958326433605062
22	3.43320879918329	3.69107974972712	3.2651953599252	-0.428041320226726	1.40094989783048	-2.86063791579506	2.47785453199485	0.148704663138033	3.23701459255952	-0.286859851977566	-5.3599572135621	3.48745650635606	0.384800000405527	0.485725836144551	0.960407394117761	0.431820639113209	0.946188271505532
19	3.43003887238737	3.55926097731595	2.88990068508714	-0.697202172118946	1.76673827098964	-3.72362687719771	2.48111910918912	0.196821516388962	4.29114236066958	-0.392146195669316	-6.36472898583048	2.95954180934177	0.3050000007666	0.2262350865621	0.883058915762109	0.160826625386997	0.859940136569179
21	2.3696080223334	1.77164496059422	2.39158586993546	0.570074301687352	3.30531126600443	-5.68279789904397	5.47662706918573	0.221918881687096	7.4913483219666	0.148157153684086	-4.63358681783883	6.80436358918149	0.478000000073476	0.781246963478275	0.981080388789672	0.913782242525277	0.9914918596346
33	1.74353335188883	1.4693627069307	2.07368235277398	0.0121260956377487	2.3712836633885	-5.3917508174888	3.20498990352582	0.203488217095022	6.39181238856521	0.00470831169977322	-8.08836875873214	4.3815187706647	0.498200000006	0.443061576403714	0.95943342723354	0.945467773712356	0.993677988489163
1489	0.589318468583885	0.586666405771033	0.835658829452456	0.100139245291551	3.10596342013913	-6.70815925307562	6.71174412756012	0.294958284575471	7.47019516632018	0.029394961746358	-5.33731432464154	4.95603588605731	0.487102579527106	0.915503340722422	0.987819412804996	0.927515198423867	0.992265024835581
25	0.672827739503723	0.515968873555815	0.785061808212753	0.300990412060948	1.88350628401791	-5.35084692658901	4.2683910904564	0.193529732188843	6.27185657879519	0.129820807005513	-6.73913415019088	6.38805197097835	0.39280000037455	0.836622470844577	0.983939147212221	0.468976563683994	0.947344572813661
997	2.45850579716693	2.56639473218425	2.45850579716693	-0.112620746965403	1.57785473200862	-2.8218713648459	2.47644306299204	0.207888467714555	3.6299818330009	-0.06362919290608	-4.60624550086805	3.69766876279197	0.475304939094683	0.722891863297147	0.97777026355801	0.887343718201303	0.990569000060447
24	2.33262599354131	2.41561311091215	2.26122404209983	0.0295790573775858	1.22578143564329	-1.86837364544717	4.18467464026427	0.173985048249507	4.5600321321827	0.0202454935386868	-3.49318270214039	6.20856627811567	0.488102379563761	0.543349638547946	0.967054048824118	0.896008497694256	0.99016662108314
34	1.26544843766288	1.10641334713451	1.40668217806297	0.211576935424226	2.92823791538686	-4.67341638726989	4.2973234970326	0.237945314852923	5.1950873364541	0.0775155701872762	-5.90950756899781	5.43886626685341	0.451800000162173	0.928332366167748	0.988535158289025	0.756880837428825	0.982704303198592
30	2.74591650187594	2.21941081718478	3.32268278608354	0.600361421876179	1.528076464403	-2.33493173089277	2.74943759324573	0.159570143503715	2.90499786232178	0.398822407127183	-2.86787773271519	6.65172804201939	0.35012997455386	0.226852922264659	0.884623643693543	0.26863126501981	0.908929958451425
31	2.79632021185384	3.22658882816958	2.56812361918738	-0.670336661600047	0.778006246004332	-2.1056476902799	0.575435728560967	0.109115607201586	1.59077859173447	-0.871867191437071	-8.1134316781592	1.12493173783254	0.175200001873061	0.00884087242488382	0.50561610364819	0.0130773236051874	0.558862763239284
37	2.80392163078635	3.16299205366982	2.58247518984435	-0.386912446961308	1.18618662433355	-2.10261265803166	2.16205678998885	0.176536631898421	2.62247483574276	-0.326117495806587	-4.32682725377037	3.17446382452805	0.359000000510605	0.44368789350011	0.956747475501167	0.314089599255234	0.918655430589082
1356	2.70040353265195	2.76775199209118	2.62006172598482	-0.275568540008736	0.892270952105798	-2.11936125999913	1.22363296682187	0.131694125249394	2.04305507595796	-0.299187338583071	-5.64380973550983	2.53687214506418	0.377524495535117	0.297265491957481	0.918004118659859	0.395288932429799	0.93187964735448
32	1.08667214774495	1.00873371551833	1.08667214774495	0.12681997371127	1.99756944535206	-3.76321619306834	6.12725888533523	0.24086187616665	6.5826015946094	0.0478710178052067	-4.30430384138028	5.18522731211914	0.476704659145975	0.749674145053795	0.979555653224628	0.8884648834138	0.99038554989108
26	-0.703480719728453	-1.01640771423278	-0.366433614379361	-0.0336142883176347	3.60041362865067	-7.43002404744413	7.33064726838005	0.475934689115078	8.687109509879	-0.00870737696823325	-4.17143073917908	4.05852549552602	0.497600000008	0.911879220411608	0.987914274680402	0.898383478750352	0.990485406138907
350	1.10770154096207	0.792716589408008	1.72824876393668	0.76906769867619	3.25893480001238	-5.61380675525418	6.27248969606761	0.355425683369299	7.21485166548177	0.234796383832307	-3.3244131032651	5.19008925440873	0.367200000476264	0.448796922498924	0.960824141091144	0.363515187598779	0.934786969162243
1444	2.6768202864713	2.76051748220742	2.48986738560754	-0.0822865682199025	1.46310646480911	-2.90760549228144	2.81319472690663	0.165471580573982	3.8313063552975	-0.0492366015250542	-4.51900051759815	4.43874246844299	0.480400000065434	0.906540099103854	0.987272172674951	0.921578254562775	0.992294614551734
28	2.11440309587774	2.67628238477395	1.53317090360803	-0.862717214926783	1.77727034537984	-3.95438711223845	2.29073267886318	0.262626334701298	3.6986554454326	-0.463977312806435	-5.53976284599174	2.02519865033487	0.298940212756763	0.130701834093705	0.814272803064576	0.139891619216697	0.850278240119402
27	1.11482841103111	1.02088943279376	1.6356160014475	0.569969365406836	2.12092307010616	-4.23370806580879	3.9753753397507	0.278619350928853	5.39556106641609	0.218512486484856	-3.55370431260401	4.92739943706212	0.417516496983184	0.672640444162095	0.975141047022076	0.567313776007275	0.968524978170582
62	-2.9696346043282	-3.3942638697168	-1.1105077148849	0.561079796503004	5.76340734301301	-12.4267907481252	8.96010278038535	0.738517824967071	14.4483844821917	0.0945235500282075	-4.77512802610884	3.692470264052	0.441000000199444	0.810944787990227	0.981684560587153	0.703598746454784	0.976192712959833
54	2.01873130653463	2.44647491808906	1.55327904990745	-0.947603491895066	1.17002258342722	-2.62753514041245	1.7593265883739	0.169226956851966	2.80451426173663	-0.697410234043053	-6.98708809854485	2.32895896877841	0.247400001130546	0.0603103352718869	0.657812631878973	0.0607533828400701	0.741373598692012
1031	2.06184283505481	1.95812001924773	2.46280330258264	0.560470118847966	1.36244905648825	-1.39805013921223	3.00267212038888	0.128250857743476	2.99180417280038	0.468495121896128	-2.59936140093356	8.3555633646045	0.311737653200418	0.0956676213180595	0.734862564418213	0.177576544198835	0.869239314657819
46	2.44684171695169	2.44970751372671	2.44288477405809	-0.0213290192810609	0.868158001753274	-1.60832211415702	1.60184967451099	0.126969918956662	1.95485375289005	-0.0240707914731551	-3.95248565668201	3.44785624644278	0.485000000050045	0.850577859533967	0.984481896245952	0.852215181103726	0.987476652313414
1354	1.30384604476548	1.18319966964128	1.93226682790704	0.711008536216897	2.35421076213512	-5.48643557746332	3.75638884990726	0.197804341063651	6.91792351228084	0.198708160127678	-5.83725972592342	5.92408588558027	0.437712457719312	0.953998138025973	0.990511850604225	0.660881919937648	0.976697942357965
29	2.02046638549493	2.11469999161689	1.89461275684662	-0.102812979287435	1.6297706293133	-3.08982418315555	3.17980421493659	0.219183565842271	3.82284084729781	-0.0580409504205925	-3.84461736571232	3.48171904858344	0.473505299028741	0.838540239356056	0.983921126359659	0.869386239147849	0.989688867415839
40	2.26092568821559	2.67334085874123	2.08661466134064	-0.58738922539445	1.32366253246786	-2.76763881681731	1.72241631146644	0.19114207154888	2.70964116557162	-0.438519948815789	-5.05486793656381	2.18183616359155	0.327734453760677	0.1613402690754	0.837553051173865	0.214566660893286	0.885284209402706
49	2.38657653323633	2.38657653323633	2.32877317398086	0.402225464884573	1.8469445145004	-2.42966446161882	3.30878313889252	0.219231983755804	3.39044691313175	0.213486121845934	-3.29996938492618	4.78990660958824	0.409318136685154	0.532657969988191	0.966241152713578	0.529530396847734	0.965035275891033
1504	1.45754855826203	1.25476000222705	1.6024763689412	0.26822088159366	1.65129772130815	-3.26084258745182	3.19920218751904	0.232889736450346	3.97504766247697	0.148239264946731	-3.32808819192047	4.14219453878449	0.439400000205012	0.711253394986779	0.977271924698173	0.700442280629587	0.97841972423105
52	-1.4549338360076	-1.33174536714616	-1.86426953103856	-0.120113191838999	3.25241885153601	-6.109400565207	8.09660055482325	0.459969336075611	9.66007990935111	-0.0317916945347532	-4.02619127503105	4.83662568126938	0.483103379380499	0.841864359038751	0.983421664372372	0.856643075191063	0.988160216055447
50	2.05937736217594	2.35189794449942	1.64112941948932	-0.642972440949405	1.36129954735258	-2.51797288955779	2.10293909050746	0.182065868235369	3.44726259786694	-0.420410869949074	-5.88294831339426	3.53781157415084	0.340000000594177	0.314849730623291	0.932519816177076	0.248532572690467	0.901438713268209
43	1.83615171663139	1.7870770880693	2.05845140755755	0.230810111177838	1.30954071195703	-1.93242874571456	2.40496586575031	0.173486770386839	2.52334388277089	0.171165763732158	-2.95332626546047	4.3902051993142	0.430000000237998	0.549520383112122	0.966685060965084	0.616117517157765	0.970799054968423
36	0.770978181668039	-0.665221536369925	2.27592727534433	2.40159886273277	2.47526730117996	-2.71994334349301	5.43888178984546	0.230990311258118	4.49400700890364	1.03587755371215	-1.57612946479555	11.7477595940439	0.130573887933669	0.00480844970310063	0.483147131733486	0.00450167788867479	0.462220255115655
41	1.3304031411484	1.95212144423514	0.998591454912746	-0.824745891144363	1.80196802936793	-3.61184672019233	2.78185798058673	0.235885134757881	3.95711592259436	-0.456106535504537	-5.7740068733631	2.68469241909047	0.297200000809107	0.182679428251748	0.855027749323901	0.141560912771439	0.848580021820027
42	1.21533373391212	1.68783885922225	0.72834939321365	-0.82629423663984	2.33446606721983	-4.669371596282	4.81430420952838	0.307603676226827	5.87713267744402	-0.309858523160922	-5.18412492515855	3.41154346485134	0.372400000454964	0.475373670042318	0.960349241103133	0.377765550239235	0.933690785545367
48	1.6910142859442	2.04910260072497	1.48105992647407	-0.31423202079658	1.52411821561369	-2.73458531497889	2.70279071269585	0.210385816862116	3.12429982756615	-0.192343222049068	-4.60043247446122	3.05461497361252	0.415400000290311	0.565130418520934	0.965492291501021	0.568948050401611	0.964482943635685
35	0.835209961198268	0.600829105804179	1.12908827666654	0.363157704384373	2.80668927976642	-4.58574213136245	5.97677051498754	0.355688122701942	6.42202081688034	0.118673149173548	-3.16766221613594	5.51992178025892	0.441111777843447	0.47313403430565	0.962026817984543	0.676395981727251	0.977108774263655
38	-2.22472447251078	-2.20728487707101	-2.24068780970946	-0.586005769378177	3.53124020574917	-7.99885847820731	5.29979941188042	0.417918377259289	9.27784500662092	-0.15791665251711	-6.47845927728367	3.1768125393653	0.412800000299785	0.402212066607202	0.944932752964246	0.56433197298058	0.959960077118981
148	1.21283006715063	1.20632146630728	1.33206404886944	0.281514942636279	1.70789559747189	-2.78819406962371	3.37373890398564	0.229518362400225	3.95267691473867	0.154128091082557	-3.22855783121816	4.56969303680616	0.416716656954085	0.662312953156955	0.973714697811531	0.588452878390959	0.968907999171276
85	1.16714641049097	1.21247241680753	1.12907466210697	-0.0610695921166577	2.05392507150316	-3.68570256672417	2.8987080316869	0.186392994531618	4.01400425735742	-0.029783309291504	-5.94454613110351	4.46264404348653	0.481503699321862	0.660628855941971	0.972963044140171	0.875218028101929	0.989183365438813
81	1.76779663165595	2.08295179052911	1.65100317514678	-0.309988304485825	1.29903752071972	-2.23994987090877	2.36463091813414	0.182760893512745	2.73379126797735	-0.230776535619172	-4.62532398519465	3.42249489508422	0.421715657136025	0.621782765169718	0.969669293774706	0.579436694884063	0.968029977231147
47	-0.149273032656724	-0.506054349980611	0.47519565515322	0.213151791152399	3.32781283550312	-6.07688493133169	6.67977171435577	0.37243716170002	7.74427425372175	0.0577849529835485	-4.30448734304515	4.92773718232233	0.479000000070124	0.911805983217723	0.987568823695725	0.881896144103575	0.989729917144472
509	1.37107648204693	1.7298444810868	1.21177181890494	-0.454289342415617	1.66476490834323	-3.26557420156064	2.20082337291881	0.14529901603737	3.53239609324869	-0.285812212157747	-6.98113478960258	3.81894919355451	0.320935813521856	0.368897552789977	0.946987914192658	0.212200956937799	0.876520875386821
51	1.30162773229408	1.20796811787151	1.30460042858371	-0.192178247867407	1.57883390128898	-3.13005942735443	2.12841844010182	0.220480002005646	3.73551981623144	-0.121196603710484	-4.86236129550559	3.31286050895472	0.457908418457587	0.589980832670567	0.96740305104149	0.782304553032107	0.983934505815863
672	1.7313835385823	1.6982606772254	1.74407870803245	0.118051587515069	1.3303198634286	-2.06926306200473	3.76132838346903	0.164923945771707	3.62252930945557	0.0810642566938717	-3.49365762447738	5.90768804286595	0.462107578611291	0.559783924517939	0.967939842727379	0.798387722184936	0.983970559160949
785	-1.56334026705545	-1.3190682030051	-2.07713029325142	-0.919540531867145	3.62726994618176	-10.7530491870714	4.12600259522395	0.466737363366532	9.74238999805706	-0.208991650301616	-7.19937865392941	2.51795072140969	0.412600000300516	0.254023336586543	0.894673196490085	0.548719987442898	0.963016327740344
44	-1.59188505080977	-1.92971103249126	-1.26960839304949	-0.164033474641761	3.05359665464096	-7.6163486319103	4.29560159559379	0.361977963321901	8.24881414045505	-0.0474826209800446	-5.98045899480331	3.27480657755604	0.479104179233914	0.491827643115258	0.958593280463854	0.867644298426032	0.988848579311306
59	1.47055392199622	1.98477603046662	1.26706849004261	-0.538009870372092	1.29619092336853	-2.60165938373463	3.61262741772212	0.167036304168695	4.59293474078874	-0.308084940163522	-5.77792104697867	4.60694433541997	0.358400000513156	0.600804535740651	0.968197049715592	0.314659962328693	0.916083587724047
60	1.28465096277743	1.55607404402762	0.937718878383576	-0.738419732381577	1.94972381699058	-4.74771589889106	2.49468348135095	0.288683901742137	4.66024851945059	-0.340981111975855	-5.56524013307917	2.27488827725458	0.342331534276621	0.164536638172933	0.846132234849096	0.265099244408842	0.90210021688128
84	-0.410506493416161	-1.62696408979588	0.0834051915541529	1.91445124413086	2.24927061448853	-1.58723497856707	7.26687307580817	0.303033655459034	5.66390336142404	0.798169521502954	-1.07680665908871	8.88359487129733	0.168800001967121	0.0108449357255866	0.52519119872293	0.0114323648487735	0.534570552104845
56	1.35638137514111	1.41868791827572	1.35615591646681	-0.201877788271701	2.36003420082193	-3.40256537326431	5.19506541251269	0.233651000645194	5.59283106855151	-0.0846283028338434	-4.31031251367228	4.63692030835675	0.446710658048026	0.936118616551226	0.98917548403022	0.705491686332244	0.97829368829278
72	1.72104645878678	1.5791229868508	2.41102596683613	1.04613956065934	2.39055478612053	-3.19636785642943	5.20718187919147	0.292068537938824	5.42371596104325	0.363834337244157	-2.48606813064106	5.59728712680163	0.379200000427628	0.235339257802167	0.888660926513074	0.383838262356838	0.938147122368566
70	-0.892069678932879	-0.795543850786196	-1.06270130466265	-1.10933437839589	3.49084657901088	-9.58814789511737	1.82695767303524	0.285352447660868	7.86368629091228	-0.374179462943958	-12.4648397016691	1.61608571253865	0.314737053305013	0.0523893616713534	0.649191366766289	0.181037812033168	0.862414419408732
61	0.00220652685568545	-0.327891033031554	1.00267988961579	0.931638381525713	2.53258168792916	-4.15017664708482	5.29099224044558	0.360605980605824	5.58318606891288	0.361786795766252	-2.65878288604277	5.7454349693284	0.342331534276621	0.207695576042191	0.873167291918817	0.260513098356752	0.902064125407261
53	1.47534269475856	2.43355976431886	0.315456646232502	-0.596682018852786	3.40494410100894	-5.24461434296631	5.46474206857455	0.282392408577269	6.25249334767038	-0.183342723749648	-6.09492954696962	4.0243196520571	0.439512097785023	0.543509238666073	0.964655239119514	0.662463865855507	0.975753075397323
66	0.569930070068006	-0.00831137538271953	1.06395609994712	0.882739958162871	3.21834106606561	-5.26668036185349	5.71173030536199	0.361270007095064	6.41244019213332	0.268439079077377	-3.63537955579473	5.64853249594153	0.361400000500455	0.459851628757164	0.960667910643816	0.319604094048367	0.923229439079478
55	0.9590133576723	1.10938199170574	0.886699852283288	-0.104754508104678	2.30611188975668	-3.58010099635433	4.70033716187952	0.33444166398826	5.0505430205703	-0.0483916011106956	-3.542328496521	4.06249328390766	0.476200000079513	0.89178732712027	0.987044962451474	0.905379852345797	0.991350087704484
58	0.469581312359497	0.431022555537596	0.561928276887632	0.292608434655892	2.32576941608953	-6.16031838160363	3.74661288325406	0.234526555266233	7.35790797791289	0.0958894396885699	-6.46451903632107	4.84260822115472	0.450800000165604	0.723875574159491	0.97785129379693	0.743282783779688	0.981870515869111
301	0.704960138083106	0.526370820298732	0.885820976027584	0.201048932265571	1.63773191210188	-3.50281123235502	2.60179152026411	0.237515497417806	4.38848024702871	0.105856624146651	-4.2492545327987	3.88379382435733	0.453400000156695	0.907854952642206	0.987229562656977	0.745573751326073	0.980916553730467
1445	1.42683393023636	1.7982148660899	0.940575670349011	-0.910014508920033	1.36124556835947	-3.08470216498251	1.66565803441953	0.20577891370489	3.23408009384598	-0.672539949944147	-6.61186910047049	1.79645162924742	0.233400001241679	0.0503865542158904	0.648222865131778	0.0486799454415553	0.715870345697024
65	0.109281226857435	-0.353475679972385	1.07558777412311	1.49980700570175	2.16449016285397	-2.96395579575874	5.20340608375936	0.320842500277614	6.40805519983751	0.631826573449905	-2.19620609914669	7.33226371284202	0.241951610850046	0.0630129488802558	0.666240280394742	0.0524825174825175	0.715115022320303
1074	1.32807026502225	1.22640913427058	1.36304596838646	0.0698920759582808	1.14257288336386	-2.3392831582569	1.80706267166514	0.181355947526595	2.4753512092727	0.0560768366016451	-3.87311465469117	3.58082264768133	0.480703859292545	0.872260860333615	0.985247349243568	0.885451546905107	0.989900731138974
64	-0.686564547451566	-1.10734081010418	0.0711838475633986	1.18598445638729	2.57929796772771	-4.77509891570269	5.92128612109386	0.240425862283374	6.86231302329146	0.445738995862803	-4.30669022011663	9.10004525279768	0.246550690998544	0.207345082278373	0.871567807213716	0.0610839918595336	0.737276584469933
97	-1.0304101720344	-0.905895546427987	-1.16271855399624	-0.5704952315631	2.24191233409336	-6.11088927409087	2.12549054735612	0.226200325431261	5.6446341615697	-0.250870180278142	-9.95216136170708	2.38554599738043	0.352800000537229	0.130592591666875	0.791816720717287	0.317883987529498	0.902401531321451
237	0.214146930696921	0.297386151431914	0.153126578718735	-0.2860461830865	2.1509237072784	-4.26939984735318	2.97781707287134	0.230011906668972	4.22250043818315	-0.135355834821584	-5.05201573895693	3.33982189788618	0.423715257208849	0.596400870826597	0.96800019917589	0.623681590854966	0.968344669880839
57	0.43390115435569	0.777459802962611	-0.253226611912151	-1.06785308619279	2.54451740057132	-5.94472190459628	3.70037422969273	0.292620903889006	6.32640695251177	-0.402346391783843	-6.67346868350717	2.45630700062917	0.312600000726758	0.17763327609263	0.852780216474872	0.16521594968499	0.865496724534599
383	0.880908744264627	1.91793117028159	0.492518573414754	-1.4597632046018	2.02042033541884	-5.01995796872296	2.60568296040362	0.265836131881198	5.2262580078796	-0.591569234834944	-7.22540113159011	1.8833066365635	0.275144971944949	0.0650947433845104	0.665114721261415	0.095655816319903	0.797402504200106
69	-1.38120153904397	-1.49664500033737	-0.924410062890958	0.0823641754063065	3.06351106401314	-4.81006338373131	5.83110677578589	0.382818917913195	6.68313508171235	0.0266013359860078	-3.80972718151811	4.32409595183582	0.487102579527106	0.848657636326945	0.98383049167864	0.860767888458291	0.988371857715928
76	-0.981585383872147	-1.06628934220842	-0.848690390487492	0.218677369143095	3.14310630740672	-6.8856782438881	5.91309373174118	0.404750111413159	7.50650399824832	0.059344633658802	-4.28384651937917	5.03284632891731	0.465106978721111	0.77248656248299	0.980159070015408	0.808518608326658	0.984920226790948
1185	0.466467168341232	0.215758534530873	0.630258725082845	0.528466644933452	2.02608201184612	-3.36019500420403	6.65206972488701	0.218318575007146	6.49345044654016	0.234281736887182	-2.86360410419842	8.58632405755476	0.344931014368918	0.239099940522012	0.890021214316604	0.277611628309771	0.905612559064876
89	-1.30209996554952	-1.25167742884212	-1.33590886284446	-0.131487602455782	4.75312769681685	-8.95700604382538	9.57813402456033	0.39054125117077	13.5428023070008	-0.0268456235144811	-4.91823978541941	4.84587873908905	0.472105578977458	0.818299479172018	0.98200733373923	0.807027820476737	0.983744136074828
629	-1.32917882772689	-1.77243382086617	-0.683566720131521	0.558676953822967	4.59897448547304	-8.12852002232042	9.39925909246661	0.639563801149013	11.3551842085233	0.119532094083572	-3.48598180406934	4.54326703732723	0.447800000175917	0.715438597326089	0.975860847323106	0.747141743705211	0.981080834729208
67	-1.13152206481073	-1.41953401670896	-0.314222124930563	0.815935307715528	2.47823867085494	-5.75467666915367	4.65576193587596	0.27351267778875	6.63080574481232	0.275344383529472	-4.75755178283644	6.01924344181577	0.376000000440421	0.604174363421595	0.970111963408176	0.385626675182403	0.932278757155534
68	-6.08723440061413	-5.94068288892015	-6.22113270378284	0.0223875097393247	5.49142908359229	-9.4695019290295	14.1245451925391	0.82598588911237	16.114356024403	0.00422394913853697	-3.63079685419759	5.18232984027169	0.497500499908348	0.612668178998533	0.957450730792364	0.684696042347745	0.969859779907945
71	-0.506414825297901	0.0770798814624083	-0.645386280302351	-0.214822630452493	2.34818538873743	-3.69429242287026	4.37224119498842	0.275066019318985	6.02378012208128	-0.0777655512023028	-4.52716296159159	5.06372360155082	0.475000000083542	0.90469417287851	0.987267515534958	0.873566682543463	0.989406288531953
82	-0.214810848796641	-0.25225262219656	-0.104485568098341	0.0286171994925626	1.56964132472091	-2.82736390676538	3.1588685766083	0.249804151746896	3.64358686572904	0.0177856259868962	-3.65778286077341	3.81037030150661	0.493000000023338	0.873749569701627	0.985781852516405	0.859509688453961	0.988170947643238
79	-0.198484379187293	1.63138864839492	-0.401805401158677	-1.21565342703962	2.8723788746722	-4.9146717642974	4.04693576931873	0.321867903720864	5.9488844892423	-0.42662882324827	-6.90228082355379	2.87148870797999	0.365926815118414	0.234763499413247	0.887542952132598	0.34534782090974	0.926160932021782
77	-1.06391973745419	-1.25513528614617	-0.86349659014788	0.0984560399628789	2.85240917074679	-5.23057795106897	5.41569021265261	0.428679075837478	6.60178866160436	0.0342833133426089	-3.44449759298716	4.27420381813432	0.48270345936584	0.858858353354492	0.984509200162566	0.872507610037022	0.989398656457577
1004	-1.46219059353388	-1.47207735974655	-1.44580460116694	-0.127054250343699	2.38622942721913	-4.38764848080237	4.83459959676115	0.368073369798292	6.12534776513328	-0.0504956103776824	-3.69125227325572	3.74809515330571	0.48260000005807	0.80971215679107	0.98166619322028	0.846131947000368	0.987800887492875
318	0.168609984584017	-0.145015260342507	0.649800293975732	0.962476897991687	1.6649900682716	-1.18488095538777	5.52938492971492	0.209711801500911	5.19177200925106	0.559401827518758	-1.19062651065212	10.9404759486281	0.205400001504189	0.0347851831696287	0.636596601565577	0.0298878087856416	0.631595436535041
86	0.0283599064610494	0.4454343373129	-0.257923791723511	-0.146316797832764	1.75554575381969	-3.2778070045995	3.38858268950215	0.212986326816816	4.02494115226579	-0.084923572994609	-4.77011784060153	3.93782135805389	0.464000000120626	0.82028447671562	0.982150239383443	0.821685033233021	0.985760030990543
95	-4.75410616711322	-5.49867265434163	-3.6194436710959	0.644281028927174	5.85609080448617	-9.945346419424	10.2704063954115	0.824992102599902	13.7683966030403	0.111678203949124	-3.45699041803358	4.1087722027603	0.431913617507695	0.673659809564607	0.970145424273264	0.646955530537574	0.967640157830689
96	-0.550151410573487	-1.09275639549915	-0.297795782040915	0.79796707536289	2.70317941730172	-3.35118661631301	5.41662720299166	0.360602103456263	5.56004625158563	0.264523616572409	-3.10072312576068	5.16721007673561	0.415916816924992	0.400351843158566	0.950281343619076	0.555158868994782	0.967046756332226
91	-5.4075722271653	-3.46045112587115	-7.05356146951039	-2.52782974584289	5.25067612157709	-12.5445735107106	8.84705961382377	0.647332122033831	14.7064786506329	-0.426807919837523	-6.89268291594219	3.15370865538133	0.30033993280507	0.254633778656222	0.826037811334179	0.179213492389963	0.832667249123754
124	-0.808320976411525	-0.512448078704866	-1.28942096895708	-0.441796131531389	2.60116716250101	-5.412577515823	4.15701773473872	0.416573974138714	5.90098853574658	-0.163582436069407	-4.22592695685703	3.1133453424563	0.431913617507695	0.57430696939261	0.966614887232067	0.649846467773712	0.973544921801424
447	-4.76745781335879	-4.21092284986428	-5.54286161667199	-1.11972943766753	6.78946545476132	-16.0794329716177	9.70741694774735	0.832321065364407	17.0283513822677	-0.161311939608888	-5.11127710317637	3.03298092611187	0.39632073621381	0.439426112830955	0.936986646162553	0.494091158067938	0.94592438607726
1007	-0.271286596799085	0.390172392685859	-0.519445642487451	-0.669866787227012	1.74796757013007	-3.592572324082	3.49933187166472	0.239834235379208	4.24738024914604	-0.336397380463932	-5.44917607477552	3.77355569369565	0.354129174696426	0.430779370805193	0.952882940073568	0.317571824460369	0.914299751709293
80	-2.10290598268794	-2.51773206333914	-1.66859785456019	1.01439020559854	2.65080562352101	-3.64751871112272	7.4949976753248	0.380833174467813	8.70520164801123	0.316832774748148	-2.70509816475804	6.23308355004446	0.36020000050552	0.258877308088218	0.891741610749572	0.328571521357899	0.915160276247352
87	-0.86803727423269	-0.979906483339511	-0.679636728651055	0.168330166688924	1.71945625863375	-3.54729422071412	2.73127136096509	0.227345188340893	3.93221122672968	0.0924340785362356	-4.49387824793226	4.02929707164733	0.449200000171099	0.841528680386471	0.983585486103292	0.734987702699777	0.9780005223972
266	-0.434220928689097	-0.381102286700222	-0.492864947900106	0.0743560653892601	1.10320897518518	-1.52731048657695	3.90510538721987	0.156041490631824	4.23744880504794	0.0474873760296222	-3.11991958691795	8.72584765315727	0.467000000110482	0.343313585903116	0.931099285665016	0.774073491523956	0.981578991681674
1122	-2.12733082772886	-2.28677281375686	-1.90785389792509	0.739969636430722	3.42572906059229	-4.33771100002745	8.72243067670004	0.433631854263841	8.60491169824498	0.216002675161996	-2.64234768970325	6.39000959695466	0.391000000381462	0.278549519510324	0.907739654816127	0.449150890904761	0.94498519077538
117	0.218217394328936	0.191537122039237	0.235868114035665	-0.040272877661339	2.03415378077537	-4.55234396072821	3.63258240787977	0.260234882216414	5.28982398142387	-0.0178864271437331	-4.96220707305018	3.69325114724157	0.490600000031345	0.853463738836491	0.9846400355917	0.893934908744506	0.99044939870696
1164	-0.511740417128816	-0.709384434787966	-0.305089047577735	0.349696677077538	2.143623813434	-4.92208423955505	3.44993697534182	0.319475245558231	6.09004018263575	0.144335715869198	-4.20703339003306	4.07013791145956	0.433713257573349	0.861263015295826	0.984959118946935	0.644383013271558	0.972405726626477
104	-1.45832295066309	-1.31452957176681	-1.62606282289956	-0.508158527988	2.14708651261619	-4.65233060516797	2.52720936819449	0.238770608961449	4.99947843635142	-0.234703045233879	-7.24735331574507	2.64699720890774	0.378200000431613	0.204919520164378	0.863990353558191	0.406845461040508	0.930706259831938
100	-1.54145488856771	-2.11739914585934	-1.17012997121477	0.956871622839838	2.23445313169018	-5.15734057195137	4.77219282715339	0.273290693704507	6.36508963347279	0.378360245066346	-4.22235591088017	6.76124223416728	0.307200000754913	0.311151726567631	0.923551451715838	0.181021206347832	0.858079076285042
98	-1.11217710467036	-1.08569837074015	-1.18527601480847	-0.682809566087125	2.40686853217435	-4.55829496732056	4.11067168410974	0.299948494494769	5.53255401445095	-0.265208432754741	-5.05645040918083	3.46209628164333	0.402319536431168	0.510826870390256	0.960807682336339	0.495110751477625	0.954335490605431
109	-1.36939709118368	-1.5898965626858	-1.27333128446495	0.166076670621111	1.74960404574903	-4.24200956703308	2.80084938133638	0.271069376915913	5.3361077966649	0.0822338465190025	-4.81882479946107	3.70376991748476	0.457108578428317	0.813701350279836	0.98244102182476	0.763661596917015	0.981007069627616
112	-2.43878712201962	-2.87034410786107	-2.01649044403848	0.917235421980462	3.82651444893514	-5.92012920899848	7.50090815518447	0.521573711296846	7.97739826740314	0.241716320835785	-3.31565988170587	5.01280615574298	0.383800000409448	0.422451622168851	0.949307376457029	0.43916290675269	0.941120325075415
670	-1.18266931112731	-1.32480147074114	-1.012660869684	0.548853553363632	2.87644044990557	-6.18520339741229	5.78568449768733	0.27402032348808	8.407921798058	0.195328944389161	-3.73915668209996	6.26200633537229	0.374125175412802	0.593363301909553	0.96899069415004	0.389034337179848	0.926654956544738
1092	-2.49272089909151	-2.95112814627241	-2.06471600622159	0.984010156285573	2.98758636908497	-8.3564038989131	7.0152566257586	0.459202381881758	11.5849153480738	0.276362192413892	-4.2046716095217	5.33592274542085	0.345330934383128	0.497775575139085	0.94476826789269	0.287457349152396	0.902410413999048
951	-2.15383294178668	-2.68757709238442	-1.89222324145029	0.756486487903742	3.65264594886807	-5.8096919186084	8.8619464939433	0.507730602114837	10.2234115381639	0.179426067934314	-3.22055122740045	5.46993438846317	0.408400000315937	0.451382026038171	0.955558702027349	0.531143735521445	0.958189188234886
102	-3.92249410046232	-4.777825453374	-2.71709412805619	1.04869954358457	5.20753273532851	-9.74335032172669	11.5965860760414	0.58635016046983	14.6695759903883	0.180767656563042	-3.86192747360797	5.55388868030222	0.389200000388406	0.532393560403324	0.950469125651527	0.458432343198597	0.94291633398072
178	-2.83143250811758	-3.38605157846424	-2.08881784273795	1.3608499138346	2.83930794610226	-3.80125071374168	8.83369955884138	0.385486044462159	9.73863465518877	0.433781539143387	-2.34631709816541	7.19282263675306	0.286800000868591	0.140862191976878	0.794883026036969	0.133923444976077	0.817847221099053
346	-1.43318342325921	-1.15724424079098	-1.77231361693956	0.0230879380923144	2.71385531033364	-4.5021818959196	4.56970632962276	0.417774927057946	5.44994274040096	0.0100495188481872	-3.80785743443988	3.34138924243778	0.497200000009334	0.857516933227356	0.984535610046527	0.8887997791682	0.990186190014966
975	-1.32357942736695	-1.49538959528226	-1.21671704982476	0.082862047640206	2.04089807759207	-5.02924694329645	3.09562982199492	0.321950040811591	5.39705878203239	0.036325752420253	-4.75624257841945	3.51117061143378	0.480703859292545	0.736533557494325	0.976582998192208	0.831611238606595	0.986364592042636
130	-3.19914856542392	-3.20993176285618	-3.18451394262599	0.127787335690017	3.32433581109212	-7.95638546214497	8.08285934954697	0.404683501801162	11.4188786319712	0.0309942591293262	-5.22216262983402	6.19381531101058	0.475800000080856	0.776826712476508	0.978620024260927	0.745414600878997	0.977724142967322
78	-1.22190731955088	-1.23230752814331	-1.20121881069747	0.307895008927614	4.51441448063994	-11.6548607145324	9.85985078099675	0.355398203173975	15.0312049425779	0.060392457645961	-8.02324095702588	7.8735680827792	0.442200000195276	0.789127356353654	0.980642348657576	0.699370423693953	0.977138827417422
106	-0.590317609854278	-0.693922005757965	-0.470839585426462	0.136206717874047	1.54792743819826	-2.64942303475675	2.74850652100036	0.274116057957004	3.63737772139474	0.0797301052713787	-3.276329322822	3.7691234468691	0.468800000104406	0.790143200164703	0.981064408673929	0.805253577691658	0.984372419482259
1370	-3.43152161284021	-2.15464811279953	-3.80923606665047	-0.707678394985399	3.6018361351167	-9.42675737897721	6.53391953167325	0.469504489363022	11.7006426305933	-0.178622876476641	-5.92089051768791	3.28274766843458	0.419600000275114	0.475557420004693	0.942153570985972	0.581331962155492	0.960507508775712
819	-2.35560916053836	-2.95765132875662	-1.99353973797958	0.351465870255405	3.06890039938238	-7.11987005260738	5.20690939487854	0.443521905730776	8.79284464839353	0.0963741182423148	-4.95596658252716	4.05023024397886	0.448800000172476	0.797215577823323	0.980351124396627	0.721851447314296	0.977111138728305
129	-1.17768877190661	-1.77320806711687	-0.61449901404329	0.781385633422358	3.482338025373	-6.6594919178567	6.76543976416051	0.451574111521458	8.29533116589261	0.202957551956664	-4.04330233412171	4.61397270746599	0.406318736576252	0.639913629986475	0.972120878318372	0.499226385070038	0.955847111693446
133	-1.65878137036071	-1.82093750369158	-1.43797152838888	0.273478939762717	1.999248811876	-3.76746355372346	3.42554137490766	0.306168271655548	4.65872189813535	0.134472097817163	-3.6549637138898	3.94323656688461	0.437712457719312	0.726986681237716	0.975094659038414	0.641290220615298	0.968939137954156
538	-1.76074213972888	-2.05647109835634	-0.5988571936957	1.49431669099382	3.18963849850724	-3.42526989117231	7.49044978097117	0.340761838684308	7.93569892724753	0.494347661961618	-2.26188697978646	8.3788420500786	0.283600000887594	0.102423607291046	0.73484744857515	0.119073437398515	0.823118440765323
144	-6.68837596132061	-5.5035000175175	-7.54170448804991	-1.70861865366276	4.5945506766464	-11.1217491122998	8.47096802229261	0.772618174879314	13.8690738591321	-0.32612454491952	-5.19569936228916	2.97578206417869	0.341400000587809	0.365412093858129	0.865822329946167	0.31174411656455	0.869291953774579
143	-1.72915808051395	-1.96703422786505	-1.46727066180817	1.03417085187281	3.26484123295743	-6.75294899800834	8.72906740776587	0.418332413134723	11.4715572170327	0.251146295251199	-4.34238956948424	6.35938869653976	0.35960000050806	0.528671749439594	0.961382979702307	0.324304693758254	0.920783603434942
616	-1.80072834966187	-1.76053538201012	-1.87737531668212	-0.120595800915651	2.16001220348305	-4.75588038369836	3.6355024041403	0.338167010887999	5.19433281966852	-0.0530737572636513	-3.81991118012359	3.43274515958761	0.473600000088246	0.748490917643496	0.977045058140633	0.804902368529304	0.983838903453071
128	-3.48924188583857	-3.76836350135089	-3.24211660362996	0.282795021697035	4.2590637535803	-8.50767173807407	10.2658330843414	0.533339830879446	13.6290008433938	0.0542819895327356	-3.792212214017	5.58074895678462	0.465000000117241	0.640177968156632	0.965951485921086	0.763452835090606	0.979877654690431
126	-2.36632852497525	-2.36840135794006	-2.33506415115682	-0.324675160410781	2.74307993496243	-6.50764800946963	3.60811060295746	0.31437283692065	6.57526764875108	-0.101007994672169	-6.08929230518287	3.92260016500695	0.471400000095647	0.566478835863619	0.964182646244477	0.828736907055793	0.986479766503558
155	-4.83649255421655	-5.20596715634389	-4.59726643371742	1.40485371557786	4.15026199463667	-6.8092326457087	11.2150175518521	0.627094990539941	13.1038474151298	0.287884123086922	-2.74592154290124	5.77748801341951	0.365000000485384	0.3268469852843	0.874775014469753	0.358940732641971	0.914328746347246
203	-4.26423082122858	-4.35312578730174	-3.95351777213568	0.971437282954017	6.3665611548901	-9.85264732999926	14.3197119166661	0.914453249432095	16.3962624827026	0.132246523788989	-3.1271870085152	5.11167915787982	0.439600000204315	0.523883468271803	0.949504055131669	0.647267942583732	0.968207968860498
92	-3.56594675266507	-3.39923579900842	-3.93696261978629	-0.524388938184579	5.00459949482964	-11.3207075083848	6.68404767703468	0.669512436923333	13.7362342167064	-0.0930446746060474	-5.55522267334507	3.55303857588807	0.455308938362467	0.642685979189225	0.968701220732771	0.763145467535561	0.980766777944921
1082	-1.90370804079779	-2.22833745065684	-1.63394849862356	0.431702611033529	1.58541519364557	-3.18570379341527	2.87576623339791	0.241617334857473	4.09568633722061	0.240207061352564	-4.12857595852558	4.24192519257133	0.387200000396163	0.672500953807216	0.971954076288688	0.444276938232047	0.937615692212781
168	-5.70273431830484	-5.536370431449	-5.90873916628366	0.338046583161882	5.75482455598152	-10.9700657512517	11.3779926236768	0.886309566317853	15.1365449638269	0.0519041362026063	-3.66819303002798	4.08916580742519	0.471600000094973	0.673099399149631	0.969323710482843	0.731621197687761	0.975827179286665
114	-6.46370247362648	-6.6999511876561	-6.15374880609945	0.68794515147945	5.12051424234971	-9.53322792843933	10.9769327129842	0.833572577432248	14.3609614787452	0.119300570483877	-3.48150982425502	4.10953474379075	0.4433113379238	0.558008933258195	0.941712858993747	0.587328140899348	0.95173996848354
170	-6.19260097183732	-6.95333374940934	-5.23199867893666	2.19434339533598	5.7938820980556	-8.28519677532183	14.3601259709564	0.919038227910312	15.4287782749342	0.338877454843731	-2.49386451633823	5.63477300701923	0.341931614262432	0.25850231852856	0.836512332196123	0.293204475091472	0.871489583456407
161	-4.48980250226895	-4.20318845550067	-4.66286240944699	0.0244727498479032	5.41172003059982	-9.15731817871157	13.3450724876825	0.807039965277508	15.3479649766868	0.00437462318007987	-3.61587837212086	5.06603410787293	0.497800000007334	0.65023612430039	0.968035038875325	0.823607016822187	0.985249434240697
175	-2.43264241687383	-2.51221054008004	-2.34741110738481	0.440122565135013	2.00431926791456	-2.58165792725562	5.26478198063183	0.331133392975683	5.71356249362939	0.205303460877434	-2.422758850854	5.32501553003061	0.397720456264497	0.336561455186882	0.910417768543405	0.483668773950508	0.946365251017546
209	-3.22426575668902	-3.2513028616225	-3.16925271734608	0.330669856302327	4.03229357986806	-10.1460587508313	8.38240997332012	0.563968057166841	14.0528504967124	0.0686257405463895	-4.55215689077827	4.84268657869685	0.460707858560049	0.764896170998512	0.97859793938637	0.775897172486956	0.980875628502634
183	-2.48759996981355	-2.5299558176804	-2.46643155407006	-0.133320241981435	3.0750507494231	-6.422363964278	5.05526946126556	0.491029767477645	7.69112820658857	-0.0419440598272782	-4.38136254323471	3.35953302033021	0.4797040592559	0.717830895905486	0.974574893705802	0.82449786745762	0.985574230284734
160	-3.44559292422581	-3.72727637153674	-3.18349550270182	0.591798924629501	2.04935364889099	-2.87689774758967	4.75651895951252	0.376607404795839	5.06372824982197	0.270082107955171	-2.46396267249103	4.56709018768871	0.380800000421276	0.331652967648252	0.881827301797805	0.414093799389465	0.917479422502236
634	-4.20227414179733	-3.80736694019549	-4.98571852075462	-0.862480825033288	4.36744929578293	-10.559014612653	7.03003621042518	0.546777340011269	12.9122486003368	-0.175915911298715	-5.74476300255875	3.57638336535687	0.428200000244373	0.54332754411161	0.956145153876533	0.621369828314101	0.965803614306467
162	-3.41316554468719	-3.68447495517416	-2.76962950457716	0.589260513447019	3.68944665762359	-8.3562915479157	5.76017604615444	0.528759231065353	11.2835073877027	0.143275950820595	-4.34180861390031	4.54343017370415	0.434000000223901	0.732040161949724	0.976122275206532	0.630257030894802	0.966469052899703
1477	-5.75740949405554	-6.09256706885218	-5.48592739908949	0.25625039511531	3.96929607728395	-7.46445325641462	8.66001249955177	0.649895900841428	11.6885273420914	0.0584078084994641	-3.55385305732498	4.13941765077476	0.472905419006762	0.604112075024956	0.954056285873002	0.676726330944597	0.96803106816187
184	-4.81565210989968	-5.34878329660079	-4.41122714840787	0.646226889883531	4.51470387843421	-8.69594749021285	10.6612190723514	0.675811435326838	13.5358128893591	0.128471551688429	-3.37350553462521	5.01780365877771	0.426800000249344	0.565184595566252	0.950030362557147	0.612121370889173	0.960455857454891
207	-5.56733681870511	-5.95332474962513	-5.35270237826362	0.263651778784615	5.10677299544209	-12.3219952829508	9.91982343198864	0.738031033619616	15.8330555229855	0.0444158605783061	-5.08386631157296	4.16553347115349	0.472200000092954	0.696987669011781	0.971037215686935	0.702788456125918	0.971045793914036
1046	-6.92114876032532	-7.5520107802787	-6.0596985667979	1.30320483516712	5.77619066273515	-13.3133166616835	11.4829757008629	0.887213629105764	17.2852564212292	0.191670665330478	-4.19484799929133	4.48033669858777	0.404519096510947	0.641840360732886	0.963983807597176	0.495057968347442	0.931280123734123
261	-3.31010560993675	-3.82761349660378	-2.98636913138948	0.831350355000866	2.61697017986118	-3.46085912396916	8.65812075164433	0.403143315676926	8.32092672683363	0.258204405294804	-2.27182796902107	7.24408847684276	0.361400000500455	0.216793400876729	0.853941772482492	0.330506440927494	0.907071881171182
268	-7.0072778643003	-7.28404364354566	-6.75512191686678	0.320606180094291	5.5791452994749	-13.595439075292	10.8565832672806	0.87819597747648	17.2474375364983	0.0507178650555046	-4.60223540426387	3.9718616266941	0.4718000000943	0.661455565838647	0.964548837717376	0.643633960466778	0.961871449785713
