rab.all	rab.win.Healthy	rab.win.NAFLD	diff.btw	diff.win	diff.btw.025	diff.btw.975	diff.win.025	diff.win.975	effect	effect.025	effect.975	overlap	we.ep	we.eBH	wi.ep	wi.eBH
0	6.39580723775306	6.60576823521962	6.24180104200155	-0.246100586470114	1.20729589149132	-2.13222797063185	2.26084439734207	0.178700890962162	2.90036309673787	-0.192100533578071	-4.18477921746814	3.19286675763261	0.417200000283783	0.417502106418728	0.787447729458896	0.249767235563743	0.602672356795382
1	5.98444460352253	6.11780123423676	5.85471473146281	-0.184480072745845	0.995184637931693	-1.84251605516666	2.27954070416048	0.158405775997459	2.7593481338707	-0.166745834766825	-4.03918503432453	4.01270451134713	0.412717456808665	0.687033527052462	0.89336554704846	0.243481210745211	0.598143902647096
2	5.56664923841233	5.95448539689529	5.25075908363035	-0.616283955309922	1.27168409735926	-2.96256398794885	2.06192494311753	0.219514683480108	3.38963718295445	-0.449273991102229	-5.09344082203512	2.46924376740692	0.307600000752802	0.0196959626040883	0.360948046580461	0.00918137818223906	0.184960924854384
3	4.84231569946646	5.30702364338125	4.75308326380575	-0.309798657309476	1.64563998957665	-3.12914668529795	2.88770136427828	0.284274468941405	3.69891088155529	-0.183785172865934	-4.11937427407026	2.96850132424634	0.424000000259325	0.340546458626879	0.753041068796441	0.284533671042948	0.62820828870774
5	5.09247843937805	5.20799537819298	5.02107593568047	-0.230032085588897	1.11139095372862	-2.49507234666656	1.74294990072175	0.172341067526675	2.80603328208509	-0.195248262110132	-5.3845098444737	2.80347479538552	0.404400000330758	0.105171789416947	0.483307764624827	0.191936419629571	0.555332901743088
4	5.10625872852237	5.27303886679417	5.01225410427937	-0.296812623317674	1.10918605076784	-2.56447425371221	1.57930524800568	0.198234154992509	2.78126610244707	-0.24796733451128	-4.43179758764444	2.38060360825503	0.38460000040631	0.092412651489065	0.475339798390989	0.136243574360943	0.490753384690398
6	5.05888397464273	5.30782781379519	4.82117018695518	-0.528598441398443	0.92457061296272	-2.10449892299031	1.35534365539456	0.158742413460466	2.22212573647162	-0.533101272923427	-5.3275807309538	2.21036874759741	0.279400000913069	0.00396785332240333	0.154152832488159	0.00234911069871221	0.124967819762002
11	4.84953704877763	5.08554367587038	4.4723024214955	-0.625132240234496	1.16487790407569	-2.71117310442335	1.52330889644457	0.172345830183827	2.73413045111631	-0.492640611141148	-6.19125885084729	2.19275097933458	0.299940012791263	0.00496330535443015	0.16436334847976	0.00539919221798365	0.145956537571388
7	4.11131536071697	4.40833195812449	4.00299373876246	-0.352083928275793	1.68180960458389	-3.12826349408665	2.9870970729669	0.265723877986894	3.93536867497201	-0.185365816605669	-4.06038089619996	3.24670093296925	0.420200000272952	0.396812870188704	0.779640550103256	0.296429223313501	0.635741002961199
8	3.8770366378428	4.48656189359085	3.79262809001052	-0.275263944257384	2.0060718792527	-3.83786005727319	3.21649149811578	0.294901995953621	4.40050252776144	-0.136982912413426	-4.29690243341614	3.25725515879619	0.446600000180054	0.330882577590659	0.747901926843676	0.4838849530865	0.760225360915915
13	4.32168607999395	4.55253869005214	4.05418480913647	-0.521496153081169	1.13262383626213	-2.80551621068165	1.86809961144914	0.155535080245186	3.00701579049381	-0.42855067537092	-6.20679467136525	2.82153110767789	0.288142372386072	0.0234825144338827	0.366758828482267	0.00365956469860863	0.131606396236227
9	3.90655721313355	4.25116977927513	3.65049631532743	-0.193814992380263	1.96399864949244	-3.18650718629252	3.51418133641189	0.306209804185791	4.34027453170279	-0.0890680033107251	-3.54036889287319	3.44918322127121	0.466706658779694	0.804341304038532	0.928588927391111	0.633364663336613	0.841016220643465
1143	3.96491213874047	4.37054685086207	3.87902139880044	-0.207628553083985	1.56181634872736	-2.59381678111815	2.76652091023539	0.23919043497796	3.27794365830369	-0.128598947643015	-3.85995245158608	3.39352885288927	0.447710458084574	0.567708959724194	0.854444656715652	0.4747261588009	0.754371229728217
15	3.58128707940734	3.23552225614994	3.75892332392372	0.596261322935919	1.50529746908476	-3.64857998004915	4.05376966438831	0.222861394921496	4.76702696235096	0.34361965031477	-3.46352903495159	5.92762558559142	0.325134973669245	0.0723027530896919	0.454884791112278	0.0142188436057401	0.224599021686322
10	2.16854868272205	1.66123378571595	2.33413724267911	0.102911156136369	3.76586163751685	-7.13819975896765	5.65709294112298	0.545151070491517	8.28681847809139	0.0262615137310201	-4.44303105032176	3.61095149361321	0.491400000028675	0.71109234835301	0.90401722375104	0.931497399829892	0.971515415927849
14	3.48634557410494	3.93776957809714	3.2708126656394	-0.582724349719856	1.57397220193863	-3.9191098922775	2.71735528783321	0.254875239989	4.22017165769156	-0.32230231651034	-4.75031068791103	2.99044061042564	0.354800000528576	0.0997327890064835	0.479442047290407	0.0455156515182036	0.316017129656038
12	3.60436702026654	3.90763272336733	3.22405316195244	-0.59907257760004	1.61495498432609	-3.36763793145159	2.89721019229289	0.251082279947457	4.01651680193544	-0.329596360731063	-4.77863900956283	2.976484324161	0.367800000473788	0.110740986111923	0.489602590339634	0.0715841133961027	0.372652796880547
39	3.58081698717249	3.7592400418183	3.37113463773747	-0.238938250392655	1.4441373492935	-2.68696007651524	2.94030004219251	0.211100723426238	3.57002731521131	-0.152394575064277	-4.25293836308382	3.74790330946586	0.434000000223901	0.626285826993763	0.875703816713151	0.364353259549085	0.682868583754693
17	2.60519925774493	2.40223159861544	2.72375088923788	-0.0416293848611602	2.9841264632385	-5.3350808071319	4.56741822850819	0.37959778803188	6.08722156484578	-0.01485118196126	-4.98385636888825	3.74094185938135	0.49350129976171	0.449862366333697	0.803302646593167	0.93195687045792	0.971090802705851
16	3.71603171795011	4.1776236334372	3.4314936950882	-0.545487897112659	1.36462089006909	-2.71077562955216	2.35892594958641	0.195034006978473	3.48584366240724	-0.361099204162511	-5.10986391231872	3.07298477065614	0.342400000583283	0.0815692982383731	0.468163481142387	0.0286011415375606	0.281306106864913
18	3.64589120526212	3.94490188987236	3.42406995611609	-0.416937493737613	1.48524494038906	-2.90743504672315	2.44441784961489	0.208413773621538	3.46456649447857	-0.264368405729932	-4.67247155090443	3.40163882105413	0.387922415910096	0.230129435440045	0.655587241250894	0.141019869275008	0.498047418758517
23	3.29717656813485	3.93914999973162	3.04700645546224	-0.846339374967354	1.44680758805739	-3.31862848523766	1.87288698711408	0.233760037026861	3.33874252850042	-0.550682324146713	-6.10311082926513	1.97207632330402	0.291941612516091	0.0024246011911366	0.14731755263456	0.00433788628777709	0.137273203451592
20	3.70037695292232	3.90754399623131	3.53085815303524	-0.381846386375682	0.848109374444477	-2.98376730001341	1.36661543761886	0.135212693390248	3.04560791892606	-0.383840238489788	-6.49063900362389	2.77225872454378	0.311400000732951	0.0377930698762762	0.390074834761745	0.0116364276903403	0.199848295731279
1090	3.59853030192167	3.74218980381208	3.58784182788079	-0.0314260505855657	1.08303283912765	-1.69204751393577	2.0259739833808	0.186587470508477	2.34596085768634	-0.0281112158029981	-3.37593498138185	3.70464612723234	0.489200000036017	0.919346913557549	0.965436865499284	0.854038597451618	0.937866941566813
22	3.37348472555479	3.5513064740838	3.16084829447684	-0.264381757807759	1.49532697591836	-2.65290483371073	3.02219607875437	0.195476861164236	3.58120208280135	-0.155305774222109	-4.3610782411146	4.12329941486364	0.437400000211989	0.72065034213007	0.90409338046136	0.357396810948919	0.677887176922448
19	3.10863383631427	3.39958874614008	3.00548433321221	-0.197805780856668	1.76002977809602	-3.85441421778243	2.88031613015361	0.272438747590639	4.27515747185536	-0.10818698004664	-4.5067005487526	3.25316337617744	0.456508698406366	0.416862371450416	0.787733703319761	0.518774692783803	0.780372273308829
21	1.76709059094194	1.0790300173928	2.25072969513701	0.986534985625848	2.98260948679866	-5.32066467626703	6.69078475698861	0.499359090795816	7.40107035618664	0.307814139618679	-2.99213403684637	4.66450264140536	0.366126775125584	0.0959945684475001	0.477742678145618	0.0812289901574043	0.3931032595374
33	1.75116576928746	1.61477676921218	1.80341953307118	0.0654724065212462	1.97774719516701	-4.93080054333243	3.1781254275584	0.278582013375323	5.73639794994033	0.0269275530487078	-6.05603609683811	3.84904482648543	0.485200000049376	0.31369276098812	0.734942582861756	0.872009038539876	0.947372395047558
1489	1.04454508845596	0.746564728150964	1.28425233993318	0.155624626088205	3.03316058797914	-6.35438335696612	5.40230111053039	0.419371715265892	7.2873005185519	0.0448013538271005	-4.60239004609986	3.92207319340051	0.478304339204599	0.768429521962251	0.918705619879289	0.724662291445483	0.883932620797594
25	1.19345518189268	0.684098609488051	1.46396039821555	0.529364477092316	2.63773471005417	-5.62506400993584	4.8286987432851	0.346700195602677	6.77921228128345	0.17836824268514	-5.2665078180396	5.13723240695843	0.396200000361584	0.795743545373783	0.929191617328504	0.149359419568321	0.503967873508465
997	2.34378767584411	2.71206689316847	2.30143915572522	-0.195402097465444	1.9076321380824	-3.31563274004569	3.21835698133299	0.307526375089218	4.06965338983203	-0.0965121322214792	-4.30239979067908	3.37056868393591	0.457000000144401	0.42780761837164	0.792368233121788	0.577708900900537	0.811269281131601
24	2.47421643536148	2.32917572515994	2.57439079374138	0.205473041513201	1.63809300351683	-2.74679727974128	4.52633268689029	0.258988880068835	5.06822898634913	0.114394883052317	-3.17762927449235	4.89220074934853	0.442711457901883	0.268697227668552	0.696348252307841	0.410831329360093	0.712629930589346
34	1.58380950187075	1.19878766231533	1.72840303611412	0.316401694003687	2.33469882530342	-3.98935280028293	4.00785576184804	0.252553290771503	4.95373627882155	0.13046875271827	-4.39639603465194	4.92692455572018	0.424315137230701	0.758264368879298	0.919205005077094	0.283565173979169	0.629229462805883
30	2.62228447672133	2.63886737414306	2.62164054187704	0.0901024377812973	1.50507075150425	-2.562479863004	2.67609079248931	0.233687725311031	3.33717042755499	0.0563503738278062	-3.55799717872554	3.7832920969217	0.479800000067444	0.844739667433273	0.943533144046437	0.785892397592166	0.912165344455314
31	2.72152669418124	3.14413339910639	2.61102987754424	-0.563920296503449	0.988949319685067	-2.56908443236753	1.29606436865566	0.160619312585676	2.73868683027492	-0.508898939666412	-6.10481328516953	2.03647494408462	0.283600000887594	0.00301520971504721	0.149080011536977	0.00373668444316952	0.130737484206326
37	2.61771607858105	2.98928053503383	2.43259644871995	-0.462225556070563	1.37357262602932	-2.98705570272299	2.28170843828557	0.240013482708576	3.36481613310681	-0.306592620105927	-4.75163378612114	2.7790912427525	0.372200000455776	0.091630223564248	0.474574486702717	0.0766684666474066	0.383672437289249
1356	2.79885323330381	2.72119652981342	2.96181383453783	0.213016802327728	0.912148645146486	-1.51554340155008	1.81177142204899	0.144890781667655	2.12511515833128	0.230261791360514	-3.00862130441775	4.21411808539147	0.409400000312252	0.250710039563531	0.671291405367456	0.243107606096738	0.598051439628361
32	1.36777250008267	1.33704400450198	1.38103850058237	0.182545739982966	1.99057853786411	-5.23762816505947	4.64954679880285	0.330688183657402	6.91250781733454	0.0740802032108838	-4.17670954491692	4.28980109061441	0.459200000136912	0.791162855321182	0.927419885743934	0.596190308792962	0.820059261933352
26	-0.0113698265619862	-0.243017861682019	0.265019154108085	0.44246092118976	3.40948405599611	-7.01036790192385	7.38963513023428	0.493593356028398	9.21943180441779	0.1232247866549	-3.94620684587934	4.14346092782363	0.442200000195276	0.673584431795844	0.891225253937195	0.431945056567889	0.725491862065218
350	1.0545377378623	0.52963006988497	1.33443219235724	0.740294326673774	2.39661345040862	-4.69324649828898	5.49715035604745	0.409215902115492	6.52442089232288	0.276273808083106	-3.20819979284173	4.96537756490349	0.359528094889285	0.0845477206859238	0.466042874636527	0.0480067546953939	0.322850943747718
1444	2.29190764260034	2.7549856381913	2.08096371656314	-0.56865075992334	1.38031625844799	-2.95512077817548	2.11069977009678	0.229217051973226	3.44993226021858	-0.386460900130892	-5.40106025024744	2.57644954104254	0.33860000060058	0.0374880264592349	0.390219040474174	0.0235790527270467	0.268607468790447
28	2.1754626930601	2.63052857975417	1.94739906832852	-0.360503668950378	1.81816080991082	-3.42128204625881	3.22467049694549	0.278093301107565	4.24202482703689	-0.187971656404838	-4.22654857924795	3.2159721711156	0.422715457172433	0.353805635761029	0.757960947078189	0.29875136191409	0.637495090687984
27	1.08002579204465	1.04892265145031	1.09999950135494	0.0508080542228675	2.73426594516577	-5.71648130975725	4.2897096692984	0.39105732238973	6.28640005102431	0.0182823256198006	-4.50236779344135	3.11909339598248	0.492800000024005	0.557191428929829	0.850437538836061	0.939983240348486	0.974702956290188
62	-0.392904535080205	-1.88685757543004	0.150958448604109	1.4393927792375	5.55870563385136	-9.94976325860754	10.3005269271755	0.63299857951081	14.3860886438495	0.267887627195678	-3.93043788093751	6.34500401325982	0.340800000590534	0.180893615192526	0.583702208803744	0.0348338186224937	0.292470802715945
54	1.6356801282076	2.0381929950371	1.37887411166797	-0.673588927774065	1.67562374470052	-5.34688042463516	2.7681959940482	0.262042845649363	5.5305748686413	-0.339694383394242	-5.987124586585	2.66703781573447	0.338800000599663	0.0396961504164886	0.395237526716917	0.0261353836620911	0.272054308879366
1031	2.13194621901869	2.36286804505723	1.95526713711563	-0.296007312719297	1.49881735053816	-2.83916247640372	2.91043727999447	0.250952812407574	3.68990189122869	-0.181931778023632	-4.15959895453131	3.52391159989021	0.412200000301978	0.502497952863476	0.825662518250831	0.253540404992227	0.60635300230081
46	2.23466752080809	2.52322140048436	1.93590002214698	-0.521022921466787	1.27907698634853	-3.07010862181655	2.07542600030359	0.196400170308151	3.24363237574854	-0.368564912686295	-5.4319730387885	2.66564689486181	0.347330534454219	0.0387205918250959	0.392474921853946	0.0278083301472999	0.277185047922181
1354	1.44398539569239	1.3031354271323	1.53370858625543	0.329685629502104	2.06781040883121	-5.05382167647528	3.61813134787211	0.312869187492085	6.35722665817324	0.131474537208346	-4.1783109862563	4.10480911761015	0.438912217763117	0.887167524087799	0.955634803128185	0.378362753303179	0.692769972535989
29	1.68756593562189	1.79793790330345	1.65371152636201	-0.07397307522981	1.87050389700851	-3.26989542807871	2.98859964967175	0.261154400413297	3.9542613700691	-0.0385928370552695	-4.67359581991335	3.66948313643473	0.48270345936584	0.523983029602522	0.835820598012928	0.775934177208943	0.905830851057824
40	2.07645766230862	2.36867384203107	1.86957487793236	-0.542886049374135	1.53981397051848	-3.6647301986312	2.23415388353572	0.273037918133576	3.80284980778226	-0.327351765992975	-4.98295359314829	2.39359283834704	0.353200000535493	0.0334335019168661	0.382408286072273	0.0343784968014057	0.292685009848771
49	1.60286396438413	1.75303900921546	1.53025740404268	-0.132492101901878	1.8189060474484	-3.28816665048883	3.25729844492391	0.280903627517565	4.04127349214765	-0.0706649833156918	-3.94288597556255	3.49704986841337	0.466800000111157	0.603028969401795	0.867110975046354	0.675202012531531	0.859794311298089
1504	1.88403533372189	1.38109996486054	1.9961968336094	0.31596791475656	1.79345043525054	-3.15256557089306	3.46737032387117	0.274299440259061	4.35293759037604	0.15956006330752	-3.43390539164381	4.33393056254345	0.425400000254328	0.451632051087246	0.805425028634317	0.325034909191442	0.658394214574674
52	-0.561148460981868	-0.83991103646662	-0.368994260662357	0.487479827075483	3.8313421504666	-8.373912497228	8.27347554124746	0.510847476605574	11.2780430988658	0.113096437411202	-4.3034834701152	4.59831934336662	0.433313337558757	0.746589618435589	0.912868731534203	0.379937291785673	0.691730584091684
50	1.79996429787618	2.16139849635316	1.6711679112312	-0.44658326360767	1.47879433006443	-3.35619608549688	2.43117976222603	0.239041467990573	3.86878742337301	-0.272687097731057	-4.87734333771166	2.94459280546832	0.37052589528345	0.109968246603356	0.491900366949905	0.0840087516432306	0.39685652865606
43	1.81040096871613	1.92666117609947	1.77267613922154	0.14230030010461	1.48343638276362	-2.17745139799507	3.15726006358314	0.252072276934796	3.19879568582693	0.0880441559010111	-3.0056644721844	4.53511335204353	0.462107578611291	0.35415657449605	0.753632892759365	0.609393337102721	0.826524435507685
36	0.181338128438406	-0.0854024738080081	0.250450585461619	-0.158228891172599	3.13819348506155	-6.05040339451284	4.59273670209911	0.398442725573462	6.97558198096708	-0.0467272726979237	-5.3312131772482	3.40415673752991	0.477200000076158	0.298070718146683	0.720898577520653	0.787684761673757	0.910664758327757
41	1.49377477141843	2.23740665379038	1.23336276685458	-0.67861078426912	1.82210721830361	-3.56295374779377	2.73304369216892	0.340901161792476	3.94859796082495	-0.361397278597927	-4.4974408233442	2.47483828263829	0.359000000510605	0.0509451777423903	0.418579692040528	0.0478190306590847	0.320273952635325
42	1.04246241914214	1.25908775526128	0.941316980902405	-0.232694166663496	1.96294255842165	-3.84123970835145	4.69562014324883	0.313704634978239	5.27895713630488	-0.104051845965236	-4.17374701623394	3.94801056593815	0.452509498260059	0.651970585943172	0.883337339080919	0.544404917989761	0.792219011544358
48	1.85788237506255	2.0997821272513	1.49842909916702	-0.394523254557943	1.4202571924326	-2.79518865903537	2.46243734028533	0.221831578711895	3.37543449789172	-0.259671274234542	-4.47057297875049	3.12467080232284	0.399720056336939	0.225468153681833	0.645512088668196	0.19828775250455	0.559899102733957
35	0.787271114463644	0.459321898197233	1.16795330994282	0.570800370387037	2.064822031722	-3.80775557769168	5.19500772782803	0.283223602969726	5.58426255121475	0.219121959806602	-3.53281766582725	5.33921058288721	0.385800000401617	0.131679490025587	0.521081493257336	0.117385969372654	0.455939845332456
38	-1.97463679139648	-2.49878556815279	-1.67691568407556	0.653191618507955	3.67666320797254	-9.24708479244493	8.51964194137979	0.529180510848141	11.3295850233381	0.142207363416756	-4.97048646622745	4.79392432223125	0.419116177041394	0.812290032762648	0.933342068089557	0.250838452852595	0.601058566541644
148	1.30228632695889	1.55137004365269	1.13454683950516	-0.367349610379842	1.81317964772789	-3.97092979920951	3.2339453568957	0.292907656866734	4.34139262925959	-0.188143863250932	-5.03782121493408	3.04628379060829	0.413517296837739	0.164779828480824	0.568313502915378	0.250475924468547	0.601511677968143
85	1.3111960010974	1.5257671543854	1.16128602692191	-0.438344932483314	1.85927415708122	-4.03920790026129	2.63332657450433	0.294876200930018	4.12824629370358	-0.221563222522275	-4.99981948281237	2.67446530474038	0.397000000358549	0.083702717663706	0.467090681268306	0.161605387027509	0.519578616429945
81	1.50755325190078	2.0588443966237	1.40284777364877	-0.465451474775564	1.5914605577624	-3.43917337614416	2.56994562614921	0.224709716276267	4.19345350101187	-0.265819669605179	-5.24569585155766	3.23179316319525	0.401400000341965	0.121370615318033	0.505737729070677	0.167379594746712	0.527173738436249
47	0.221439465822074	-0.3886062648764	0.567820413854021	0.639893876811621	2.88487558479654	-5.93800620304019	5.48584326983003	0.397211926322004	7.66583488698139	0.193456648313891	-4.20682552846932	4.37819972754007	0.408918216670629	0.543078077546052	0.845422834876679	0.231156147055556	0.589729117398556
509	1.25937188903739	1.47230178449122	1.00126703863116	-0.475872442100663	1.72012562441656	-3.59264109450324	3.23959201154745	0.262592915062766	4.18572077690571	-0.257683548045673	-4.56539804563701	3.36384543953989	0.370600000462297	0.186743955028635	0.598786924693748	0.0757256440561156	0.379553540564698
51	1.32864949346037	1.38431213376155	1.31481396867523	-0.19349465148606	1.77508539468147	-3.37058198963267	3.10113136130814	0.267954058209167	4.73085758757325	-0.094644272096407	-4.43627125403651	3.39029122352766	0.459800000134872	0.498722399429228	0.824107674549239	0.604757545436729	0.824454641479935
672	1.71620854364367	1.7348311510839	1.7079162313333	-0.0220423439078203	1.10571837628933	-2.05791703668942	2.51473347302864	0.188704510793233	3.10370451140152	-0.0173359196947266	-3.79209781985255	3.92420917320998	0.490901819666398	0.903289849533526	0.961308939580211	0.822637034322295	0.92386119985147
785	-1.23946224169193	-1.85097582769931	-0.651568861471026	0.799429765674543	3.73535521173405	-9.38448178408898	6.44257472789217	0.557734700845791	11.322924993057	0.179593031358492	-4.56422578521166	4.37110904046197	0.413400000297594	0.839293272676848	0.940549511600415	0.249471778735625	0.602206845967114
44	-1.367646746038	-1.73663601327872	-1.05691253505118	0.400708474011267	3.70394549719168	-7.45767771950148	7.53816240066837	0.53498829951696	9.16037128300001	0.098855593052895	-4.04743476531863	4.6585692889817	0.442400000194583	0.697428517591437	0.89780111218206	0.512372081233945	0.770309049060223
59	1.37496284059616	1.43221041251048	1.33337687956049	-0.166817444990292	1.55700772456924	-2.87651860039161	2.87420439223903	0.262612893251725	3.76875227032927	-0.101074825745099	-3.89104099310652	3.24821961198976	0.455108978355152	0.550527892470813	0.846024254610345	0.553728313868151	0.79627652147455
60	1.15984462803892	1.27743816367366	1.05643737293778	-0.132116676839047	1.85569265313002	-4.95004776314185	3.40588580397263	0.287953961918128	5.64041116186136	-0.0663307299086424	-5.22476398566488	3.42119156829503	0.466906618787017	0.364971105392935	0.763461475110367	0.718886413555315	0.878809291497864
84	-0.471400118840334	-1.55202891194342	-0.0775523779374696	1.56027954639364	2.63301988165562	-4.99011172784457	7.08841012235709	0.380615377244672	7.510239019337	0.530704433356148	-2.91996039812698	7.10502480772344	0.242351530862912	0.00276171062646086	0.149268970958587	0.00027961361068999	0.0434086155530817
56	0.890219165672649	0.863773922603459	0.905985312250368	-0.0823736691582777	2.21012486701671	-3.98538324930392	4.44871156893568	0.34975010366505	5.58991842791032	-0.0367172911482674	-4.04973127836191	3.5593745934733	0.481200000062756	0.766792779909113	0.918250566480141	0.762760015703781	0.899736356621857
72	1.27378681358652	1.21897406615202	1.30498995917966	0.192240723551218	1.91036444343676	-3.20098869160817	3.73883923486386	0.320009251222914	4.3590715124307	0.0915971048384802	-3.41714455810403	3.99495526375566	0.456800000145083	0.568926263609872	0.855812536524114	0.591960288856845	0.818209628587198
70	-0.677008605957266	-0.672427282966509	-0.683602570123353	-0.558045156690928	3.68606163771053	-8.97133861471278	5.42051657628886	0.38849478014216	9.94105334630278	-0.148529030506853	-6.92698479190964	3.18299928583643	0.425200000255041	0.0896332898413375	0.470928158143074	0.337048460389582	0.663709837938058
61	-0.229418365012649	-0.673126651136404	0.0362395458411031	0.518460180818334	2.43435276773913	-4.93209838587154	5.57734982132104	0.369083288718874	6.17653054321667	0.182854927466317	-4.1655510173229	4.72117636162495	0.391721656047402	0.377764783597538	0.768035441276845	0.139651127280041	0.48289505831957
53	0.31312128135815	1.48533959610962	0.0118316987066081	-0.993465538121154	2.65766381445317	-5.05361434771549	4.20227504999134	0.391396635311223	5.51360246539028	-0.364087950199512	-5.18017615479682	2.67921233338956	0.353400000534627	0.0447677820970311	0.40480805327284	0.0475481089771373	0.319971883210781
66	0.55585868830941	0.189260474054811	0.749911300944899	0.33663071251888	2.46309028276665	-4.50802372697657	4.24012083024	0.326513418181564	5.51324105442911	0.126328623848304	-4.51926145367633	4.33999929072453	0.432400000229529	0.811220414007835	0.933757140174254	0.396306933971816	0.703291835488609
55	0.960822538845899	1.55477422802159	0.786453449248025	-0.653602177968533	2.26412973628716	-4.48536367234112	3.57829226782233	0.365719977786485	5.47094008210439	-0.272700352313748	-4.57953172754697	2.82418702139373	0.380123975628746	0.150915465932957	0.547466799112811	0.11445397368405	0.456777370491804
58	0.323065837009794	0.262115716070786	0.407051264556158	0.431090024631533	2.26710321617447	-6.29154784310207	4.19610277921214	0.326742279865535	7.52923678158983	0.152697345887967	-5.13081167369285	4.40487981441431	0.423200000262186	0.913403824014648	0.9641178144361	0.315043848463282	0.650254630900389
301	0.482864343124151	0.294304114035796	0.568499404996271	0.28796909901375	2.1901801754464	-4.00237700873235	5.08637145888828	0.332016115137698	5.49149689195716	0.116886009643415	-3.72842032175345	4.56738662253737	0.4386000002078	0.562983908660108	0.853046215293084	0.412881011544074	0.714220098506623
1445	1.14776334186651	1.48118908125417	1.06599154961861	-0.39309043833973	1.76416978370213	-3.59553759064067	2.81027646322626	0.302852795702505	4.36928710096081	-0.200701021939839	-4.4752864165298	2.95119772625034	0.424400000257896	0.205463489633686	0.623070385209789	0.255717352194164	0.607863405669868
65	0.304188698410182	0.00862065345268892	0.595030197839111	0.687326683275995	2.1191060615022	-3.93639749285462	4.88696910731894	0.322028636438224	5.54652647016578	0.287128878095376	-2.8765743769578	5.47225334126332	0.355328934739245	0.0814199892910293	0.461309039079574	0.0488363634243598	0.323880908616045
1074	1.56464969463219	1.34933417851859	1.67370525694445	0.364201127608209	1.06288061583519	-1.67189212649333	2.22339789392402	0.17519751802308	2.40889155127538	0.321497521263757	-2.5490394695548	4.90018903964347	0.359200000509756	0.058731373861226	0.42911412776451	0.0566304477084718	0.3397366288357
64	-0.395978781269863	-0.710421198747145	-0.114191759047052	0.590860171163549	2.96056665959446	-4.78494393800522	6.03440097672375	0.352400031712407	6.42819314729193	0.188394403035714	-3.81463335735954	5.63535658403929	0.37880000042922	0.327190358342392	0.738188964098413	0.125114044705738	0.463261197939932
97	-0.53822535304465	-0.753204809580585	-0.446178174239208	-0.197447801696873	2.95886790041699	-5.6551201999899	4.42513400870358	0.339670647524845	6.11263275426722	-0.0732893680260563	-6.26126027035233	3.67815833116815	0.465706858743079	0.217743980942217	0.637860965938194	0.683814986100691	0.861090459510977
237	0.315717247336877	0.275810668368538	0.336379969458373	-0.271016487809344	2.17715936496925	-4.23065025116612	3.18055065133185	0.32870720747985	4.61738504068595	-0.127500242844808	-4.5424761056938	2.98178476066461	0.441000000199444	0.288128623228305	0.708177641253456	0.427175052921897	0.72159909581241
57	0.170525467907871	1.0465183071664	-0.141820543392565	-0.925519465636196	2.57414022089909	-5.38554376572087	3.86802938458192	0.40215268075043	5.73470251459929	-0.355857925343639	-4.84259893205908	2.67081520515763	0.35800000051486	0.0434508337818201	0.403318291997074	0.0430186272453614	0.310607408221213
383	0.636975954841899	0.941229532976099	0.508725881515562	-0.740793408286665	1.99450930861996	-4.22610980461656	2.66351226142548	0.29863446992027	4.19576746940237	-0.370531778489849	-5.544427765333	2.23708577474804	0.341331734241153	0.0181861640024333	0.343946956757893	0.0363987277300419	0.294899665632167
69	-0.626438701185216	-0.670873834516264	-0.598479018512307	-0.239616486399616	3.25749809023377	-6.05970636216774	6.81866374955825	0.490500399174956	9.45988046927973	-0.0662178852442037	-3.94405930224795	3.87948287454744	0.468400000105756	0.822540942392654	0.935873552694206	0.713171225496299	0.87608513288418
76	-0.741761074514535	-1.05278825956238	-0.642182941316381	0.33195047667663	2.60933579664866	-6.09215755485594	4.92412800312293	0.406138953814191	7.39240546607171	0.109108703163671	-4.23708729454991	4.06304357786538	0.446510698040718	0.886014175542925	0.955477379032323	0.463978306602876	0.74410940440019
1185	0.168194335313765	0.0588657356912341	0.229752502791465	-0.0147022038434912	1.94403092200164	-4.33601572140936	4.89701777231872	0.308996830610963	5.77348308671928	-0.00705062831499224	-4.5793300063486	4.07686114573065	0.4947010598057	0.749240714911377	0.912652009361818	0.880757358017215	0.950796719334387
89	-1.24661065576211	-1.35348657747929	-1.16563058867413	0.0488799314045449	3.16020755057049	-7.07206334747633	6.51033878931861	0.395963459693866	10.8057738202894	0.0129912530105734	-6.01278182426056	4.52005496964345	0.490701859659066	0.566331196213589	0.846115444464615	0.83892426800513	0.932627103090772
629	-1.30324068229229	-1.58841556710215	-1.17397848142821	0.364162536205719	3.52396973090488	-6.96279600378011	6.80209898794424	0.654414186135535	9.12235425998224	0.0932997627791483	-3.68935527945782	3.89753921901683	0.458508298479541	0.736795169779117	0.909132990268161	0.551584154050703	0.795537445607419
67	-0.229857272892682	-0.562455832850109	-0.0706424952008948	0.387446194667429	2.45806175267948	-5.05140141910574	4.49783749652629	0.402981144415347	6.54370912891463	0.134259388724729	-3.75790571030484	4.06322185351207	0.431913617507695	0.795347328157721	0.928171667034918	0.421243272912723	0.718617175995609
68	-5.59941346376245	-5.85775731983981	-5.49790125104232	0.142867122025842	5.7986905548219	-12.9145775492728	12.2427859979591	0.964609188764603	16.9043940643612	0.0230529494234459	-4.38543166027312	4.27102715630867	0.490000000033347	0.702414341241003	0.891356809878804	0.71361173619548	0.87118818335467
71	-0.682701418083777	-0.338854508762078	-0.806982227720723	-0.482529998263013	2.56940858199306	-6.50692434907388	3.89610305965887	0.384168296598116	7.23301439205978	-0.174930182259118	-5.27578112123011	2.86619283450301	0.419800000274393	0.17945678036745	0.587156483248158	0.298690629056154	0.635644959749239
82	-0.234635226830916	-0.189738941484429	-0.261110272909922	-0.119929141856478	1.97008424209186	-5.35402851790215	3.21218868818323	0.340106447393786	6.09866647439515	-0.0505098391678719	-5.29400319041727	3.03931021563455	0.477704459182615	0.367961013502519	0.760934622992816	0.741102667497834	0.887914373186145
79	-0.0640300040152191	-0.0350884113187613	-0.0769644732171457	0.0448397025721015	2.55302916654141	-4.84345830835548	4.82632681990574	0.4260938885576	6.59550091407126	0.0156893191026041	-3.77951681159566	3.76914933669328	0.493000000023338	0.910387694441181	0.963135581818141	0.894886012776069	0.956063763070951
77	-0.760483738031793	-0.838507758046859	-0.734324766708776	0.0226212419030567	2.84985985151611	-5.99347638745596	5.17390251241956	0.481634156236642	7.49129785731982	0.00835533452250233	-3.93284384380066	3.48453949707196	0.496300739864356	0.750064919327583	0.912594300558757	0.891127960410948	0.954734227337519
1004	-1.36202494748329	-1.44563100310419	-1.29445903078043	0.326201315513123	2.82632646806798	-4.12084732079934	7.44159256785021	0.430142033430578	8.42126475259703	0.101139342263874	-3.02836156892235	5.4761675146702	0.447400000177296	0.232322631638234	0.645456103065453	0.466904699759141	0.745039067124196
318	0.172999855168263	-0.0894326178163674	0.367946553505581	0.335784391016404	1.86658185998476	-3.89191897507496	4.18877283215395	0.290793691841952	5.36316116810141	0.15323516330604	-4.04487570058599	4.76093514356508	0.421600000267921	0.545022162245107	0.843548970179333	0.263984129952055	0.612559289293399
86	-0.513900774952424	-0.215386912172682	-0.668288081757287	-0.36919718582433	2.02954514685115	-5.48774599311065	3.4638196815086	0.317314001944142	6.24311330824828	-0.163801331433119	-5.41684161038055	3.17270569523725	0.411517696765062	0.183618259803701	0.593511579155449	0.232157380152661	0.580073710565525
95	-4.39906877085526	-4.12439581831299	-4.52132341550819	0.437736477204105	5.99169347187015	-10.3113877169471	11.7031862477357	0.939195822521357	14.8716012830151	0.067236076430568	-3.39630375292797	3.81182993153973	0.463400000122658	0.701460996630323	0.892061807319589	0.696231719681795	0.86374064817734
96	-0.982856832211554	-0.956561507270002	-0.991026919327424	0.0887465724092378	2.76217672128417	-4.92295899554876	5.84869267458187	0.451019655860853	7.44768050329593	0.0298297546646882	-3.79035765015297	4.18212452702733	0.486502699505113	0.76125448806042	0.91714762970155	0.819732947312257	0.923548632113567
91	-6.39983315810649	-5.58089159489386	-6.72289866038736	-0.52365687808113	6.2105025443846	-14.7568379369269	11.3511591406878	1.00481216343247	17.5028789293774	-0.0727906707517603	-4.21893819189751	3.35899368081073	0.462200000126725	0.490957401004438	0.78279075808496	0.607611216599069	0.811876733813685
124	-1.38778825770699	-0.519016807883617	-1.57502554066081	-0.870966290890673	3.19055018125986	-7.39597111004136	5.49829140149773	0.537336507698341	9.28288340471616	-0.238355124377649	-4.77552886025255	2.99265554157365	0.391921616054632	0.147416723076516	0.541856596465567	0.136128399736234	0.482707190350331
447	-4.26997332834972	-4.4909258475377	-3.98376755297085	0.228209020459382	5.26086177883368	-11.9399432732642	9.43104627655164	0.860914320731497	14.5556530817988	0.0359497295951115	-4.24140700910684	3.53861805633341	0.479800000067444	0.751215607680917	0.910717771876624	0.754006768516745	0.892090507233447
1007	-0.212642861617496	0.0938782428170022	-0.359265041541543	-0.353222245040245	1.8226426936184	-4.76282917783208	2.76238504813094	0.317015919179858	5.32752609969076	-0.179969737547097	-5.3556078188024	2.60754252984657	0.413800000296135	0.117399970581172	0.504180865259623	0.233376724329168	0.582862709981041
80	-1.97037398619274	-2.38867428262069	-1.52735269515749	0.857751983597963	2.85084583148489	-6.23820870903453	6.53557444029332	0.428333684640481	8.40588918061562	0.254556306203903	-3.73453492655473	5.37196331120234	0.372200000455776	0.185941960202727	0.591541562582912	0.0889747523417897	0.400070086106696
87	-0.800457975527552	-1.08830891705809	-0.513986439123727	0.608688958368493	1.8750639826921	-2.73363900298173	6.35587892387548	0.29431719976729	6.80542061510693	0.281308042387777	-2.58706289394709	6.28284735017764	0.346600000564464	0.0268941692333447	0.360244081134792	0.0479755986654478	0.317789381614727
266	-0.360872789420836	-0.452139699387209	-0.309304272226955	0.140412467148861	1.67007375550893	-4.61105176272416	3.64330067103396	0.276213762431746	5.34517180655725	0.0677274863423108	-4.63098405198695	4.1360436921176	0.461507698589329	0.897782479976112	0.958599005269268	0.624118052057526	0.829380642041907
1122	-1.9316164148874	-2.10696177495357	-1.82381296499524	0.381006214887785	3.58409540456086	-5.89497555930585	8.69094106054831	0.524376421765849	10.2844756079699	0.0933049205713017	-3.6443255788892	4.71547073955385	0.45060000016629	0.378293555362329	0.758622040083217	0.455923842186842	0.736333924645741
117	-0.0540440825324842	0.119636038650716	-0.135981289377145	-0.156024583279795	1.73734097202231	-3.7928820468347	3.94096125259709	0.269500571956452	5.05954423851809	-0.0802145096431747	-4.04108795420783	3.91224471421742	0.460107978538091	0.838429445952327	0.939778760943381	0.575850598782457	0.807144662863707
1164	-0.832149378284127	-0.571360358931548	-1.00167633152066	-0.26218439814638	2.22553951132445	-4.37629204650769	3.76533030673622	0.357524025950729	5.5623680329806	-0.111046989923423	-4.32506407535053	3.24068291463443	0.450200000167663	0.428966086611515	0.789105830745276	0.473258512437212	0.747454091938214
104	-1.360629413125	-1.38747044950602	-1.34635270954855	-0.0524088901701978	2.74680149940092	-5.33060534959636	4.77058024498919	0.350814813496556	6.37457230660411	-0.0201501219645747	-5.25076236632313	3.72109773204823	0.489400000035349	0.595091655980723	0.860833663690422	0.793175892182524	0.910594561470833
100	-1.64533318417435	-1.77237879778944	-1.55112239287114	0.0566898565974219	2.57057653544617	-6.80447324036981	4.34376764599631	0.37101319262014	7.54954198289454	0.018401574695081	-5.53340532663576	3.86289278330056	0.489600000034682	0.525930257065869	0.834330551592167	0.816366249494274	0.921720246038906
98	-1.15951592487302	-1.22145889149103	-1.11041789492961	0.0621313656456097	2.32087521740128	-4.05028595684036	5.795163602372	0.403121607038445	6.57737561876791	0.0227200084765102	-3.43952110472948	4.67122791039099	0.488502299578422	0.534891957981804	0.838160781061603	0.835056853994535	0.930036885746959
109	-1.24795486910955	-1.3668497757782	-1.18369661315713	0.093338265933931	2.46679944921658	-6.49823572097988	5.03639856497008	0.373008370830327	7.85136891536905	0.0338053255598302	-4.90395386869917	4.03814316967615	0.481303739314533	0.73355874926635	0.906934673371463	0.776703363685205	0.903533550004835
112	-2.18012489364452	-2.62926266818613	-1.7803804209622	0.796488148165757	3.75713839733058	-7.28724051876077	7.43689056845154	0.59923499452812	10.3884223767293	0.193299461403033	-3.53892910769082	4.59270717414555	0.403719256481931	0.364580647998206	0.743905310797307	0.191311188574373	0.542267920587412
670	-1.33463370476144	-1.32548699918778	-1.3456869210958	0.238833009902545	3.00659284260083	-6.97990554283009	5.38406828712686	0.463877662556443	8.81560389154425	0.0681427141589974	-4.03883249828912	3.92735850887331	0.462400000126046	0.868375490088488	0.950051952773997	0.707279645195167	0.871981209566374
1092	-2.3669508958995	-2.91991569369204	-1.95011389676583	1.00777110598317	4.2404894913744	-10.1896268084301	8.61612212496705	0.619631089619664	13.923888034624	0.193774585812392	-4.83260793316232	4.6194475089423	0.387000000396941	0.676128916491264	0.885319608961034	0.149829726132375	0.495481052204226
951	-1.69132222756162	-2.06046263944128	-1.51433543579278	0.473109311565068	3.09531922547447	-7.01309972027304	7.83789880144086	0.458938999471061	10.0590250129663	0.129594700075243	-4.35608019287526	5.32341253029166	0.429514097420185	0.517398443252124	0.8240026893517	0.338774335249876	0.664665548243341
102	-4.19421689636715	-4.27343479184558	-4.13130761930385	0.562744453149473	5.54974946191354	-10.3995223189493	12.2288215223798	0.833965459775335	15.4473788793891	0.0867274444772082	-3.85467312543563	4.33860680447997	0.452400000160118	0.590635698064009	0.843294268299723	0.538572496715642	0.780999405136492
178	-2.634389921004	-3.04382781005329	-2.29225937994801	0.499835493523801	3.53431083277015	-7.28652218942981	7.43277827309353	0.547375293167179	10.2444269806422	0.120641151538576	-3.87200299976229	4.55468386367466	0.435112977624426	0.625594863286487	0.8678563755162	0.39426771457735	0.69700723606502
346	-1.52390965098315	-1.39969213995902	-1.58850385457641	-0.0913055672674981	2.616371499453	-5.07913622406303	5.3075308569075	0.426664927656845	7.20991111461387	-0.0297573284808525	-3.77768666798942	4.04407244233697	0.486902619519775	0.832607282470582	0.938576481424018	0.762287112341108	0.897282457988568
975	-1.30607256459936	-1.65578809500491	-1.12007201975373	0.457229007275672	2.11789858225225	-4.59580521876051	4.7195134662804	0.378962201858085	6.46110661633988	0.182832786299889	-3.47871254365715	4.52202866560729	0.410000000310046	0.419191803069254	0.784607582476636	0.243212829691735	0.588810220007958
130	-3.309297232595	-3.25532438625464	-3.35405792319114	-0.107458306099213	3.38453975523055	-9.1184748303998	6.98202834392873	0.528646116057115	11.0831108531416	-0.0268882763607076	-5.47564006341296	4.00220870090483	0.484200000052719	0.526352493354029	0.822994686775161	0.718323699625439	0.873282897468131
78	-1.55950447933314	-2.38989007509412	-1.04121480241464	1.10420051416164	3.63958841216196	-7.96326100085602	10.190901760096	0.492755474624486	12.9147614995304	0.265070736222997	-4.01581392347327	6.22534347136321	0.334133173986335	0.130004852718903	0.516403270803729	0.0255982049570214	0.266189981880012
106	-1.03927021173161	-0.956466808690774	-1.12052136956653	-0.329067767884501	1.78480426329298	-5.34337558422021	3.14524021148415	0.289626034483971	5.96895796122625	-0.154634012348219	-5.58659487534879	3.09409539318048	0.417116576968634	0.182194990306836	0.588586621100129	0.2461531854775	0.588082936960791
1370	-3.79809527350208	-3.89479398324585	-3.74533894489665	0.286105552092316	4.57486995454089	-8.90416372691592	10.9070440473369	0.726126402965864	13.8569664776778	0.054606325849571	-3.29930591949991	4.6139746320237	0.46910617886758	0.570878417363395	0.837303502856932	0.669789455472375	0.850609622690795
819	-2.98641348624191	-3.1263874434468	-2.88338367100836	-0.0957125552156066	3.45461716919228	-8.42554440465398	7.01806507190288	0.523959597237464	10.6580533431762	-0.0227836838679858	-5.23872408713816	3.74490947083635	0.486400000045367	0.468541952057128	0.791803981723416	0.804323278653436	0.916407603386006
129	-1.61921180400552	-1.6787524123445	-1.5721601203919	0.201725872328211	2.22071584792501	-5.9368233680474	4.95658609865469	0.357330309148021	7.3809991812675	0.0769251531484989	-4.27210309496481	4.46072301024364	0.453400000156695	0.818969914982167	0.935534596891886	0.572795457890609	0.800661935915057
133	-1.56759305311594	-1.69608764199219	-1.44826958657372	0.0118762413290474	2.31723787947938	-6.59449211642133	3.35863503038172	0.378864435232093	7.59923942348908	0.00293881855339959	-5.26257346107541	3.23048986656117	0.497800000007334	0.426730646931431	0.786028431782228	0.82424337073005	0.925624939167843
538	-1.88422559485669	-2.14701615615625	-1.6773604118322	0.457534323010345	2.14061857329487	-3.57869139000036	5.82342828402577	0.347752966680945	6.28534767891144	0.184353599938644	-3.05562911885031	4.92159681057635	0.408518296656106	0.180185378574376	0.581746691899013	0.220753180806004	0.562717496681183
144	-6.42892838799716	-7.16479496955744	-5.89119098740954	1.23410939913062	5.43453911572235	-9.07448373217541	12.8528471680076	0.947322667980305	14.9646506300697	0.206690062740456	-2.91425609876899	4.53086143793493	0.401600000341215	0.196535280086205	0.556023400159424	0.220950938346071	0.525640325901982
143	-1.75383092930482	-1.97455851688049	-1.53034828771435	0.630717477941749	2.36971267238926	-6.29068633575875	5.41356871354584	0.399566849253431	9.5420400262355	0.201735858681333	-4.34545248744058	4.98579119376248	0.390600000383002	0.475055242269602	0.801127053953054	0.142701025367071	0.485461207656126
616	-2.39367069317411	-2.52851121937753	-2.24412150766946	0.494866006127479	3.00373491727168	-5.77420847339664	8.02416316192441	0.470675704879318	10.1657956472054	0.136144427798123	-3.38061218868541	5.16747054520133	0.423115377186999	0.307550284228407	0.707032348015036	0.359172703030252	0.672912829329791
128	-2.96378884951017	-3.04770612259668	-2.91210213145688	0.490135473345857	5.07932952809145	-9.67380435760246	11.2798967630329	0.791609561750037	14.3747439804261	0.0896120390449583	-3.39379903904391	4.62297006228489	0.452709458267372	0.492790141152606	0.801385390787665	0.577149980811836	0.805513407241403
126	-2.34578030904096	-2.25862108673639	-2.43972265745663	-0.193144026552802	3.11150336794593	-7.35736303515149	6.45208086295647	0.502343236399265	9.49222098681004	-0.0562489244125508	-4.9706494896411	3.95189611337016	0.468600000105081	0.609526128675174	0.860250954667406	0.667154763354728	0.850193389738377
155	-5.01060954382432	-5.39645669851849	-4.74851402710573	0.830031778515858	5.29676813680673	-10.0624732403395	12.1660627506372	0.78874291723681	15.4824598422665	0.143749964416323	-3.65843172288341	5.15328032282438	0.419600000275114	0.350361750514209	0.702438028873743	0.291967407261855	0.608319801414886
203	-5.20650847772421	-4.72270685912165	-5.58314748569054	-0.0957337376940997	5.58568881869555	-10.9155995168674	11.8776302106664	0.902491460763074	15.5032894977995	-0.0152377229356168	-3.83417389027188	3.94232665784702	0.493301339754378	0.683281076809415	0.884030877934517	0.769236633737737	0.899675426350031
92	-3.16559917095257	-3.57180158208674	-2.6647259251448	1.0408117412516	4.1862522189358	-8.35153955574035	9.66847068643431	0.695053972958304	13.1320491194087	0.223883320091026	-3.50190491859758	4.68170766579543	0.394921016163142	0.257491524236547	0.63944199737063	0.143954917423994	0.484989190279109
1082	-2.07072740710303	-2.12381349417068	-2.03259939943383	-0.00547875065027714	1.79048611634362	-5.896835467057	3.20018616861142	0.271199982267526	6.72156910437816	-0.00231177199733428	-5.49089896484066	3.73777601273436	0.498400000005334	0.540910271503777	0.833469446066548	0.750176346360458	0.888853120239622
168	-5.42983652120002	-4.95931931858066	-5.74246144398797	-0.347726037662276	5.99361851771806	-11.7970956727732	11.3708601040038	1.01202722441062	15.5335581386242	-0.0524623242728402	-3.97301345407262	3.40008066693155	0.47250549899211	0.636016647709708	0.861366990581613	0.68355087058943	0.854006568531661
114	-6.1859331525668	-6.39473807840119	-6.03092403316195	0.263850598463792	5.92584614909021	-11.9080636018476	11.3150938858316	0.951215834605023	15.7310687647931	0.0400296661779869	-3.7805547968331	3.58419563165532	0.475704859109337	0.666808457122979	0.876003543944895	0.6485579643662	0.834346896297171
170	-5.6864482899529	-6.59307048210266	-4.82905101991444	1.60240605018803	5.55013231489472	-10.8028186609057	12.3904331614106	0.950048887668442	15.4987897122051	0.263682225267901	-3.18623289488364	4.65667761530248	0.371925615333734	0.220836521402165	0.591179060147284	0.125314330059973	0.426106484017339
161	-4.46367676767894	-4.47547116594576	-4.45716169094359	0.476255545912667	5.18767034148854	-9.79554653366502	12.1239333324026	0.875933180835112	14.5384080607325	0.0793255626719367	-3.25627194098018	4.4378109762114	0.460000000134192	0.521230967315	0.808462879449086	0.607379625353403	0.816395628533558
175	-2.3923782349022	-2.23125170561596	-2.46831839434198	-0.15104687543134	2.34098446867705	-6.57121498480207	4.07764680354913	0.408918685440658	7.56763789030861	-0.0599033876842284	-4.53643123181191	3.42802000593938	0.47060000009834	0.483629790384273	0.806164014197944	0.64554122110291	0.838652777268118
209	-3.74497928164433	-3.79320691935056	-3.68427222015131	0.309626833908151	4.29932408568114	-9.16220038619028	9.50582439250464	0.634000940808657	13.2615722502505	0.0664147314676659	-4.41140978676833	4.83886194012323	0.46160000012876	0.61598367207809	0.85622219850152	0.613405583321775	0.819898562351923
183	-2.73689253136067	-2.43218472812838	-2.91391981527154	-0.811218455587947	2.91842323537979	-7.82374141976925	3.85846773739069	0.50907600472578	8.36632179593462	-0.246813446573425	-5.32247370352294	2.2825556146202	0.37712457552072	0.045449244249387	0.394471212073733	0.117281065351677	0.441735105526356
160	-3.06235389234112	-3.63901098869799	-2.67892473624647	0.943935637461403	2.7275935605478	-4.08934167642612	7.73531462292704	0.50517237032413	8.67195408668233	0.309414434248295	-2.5714956191972	5.50253356097292	0.350600000546821	0.0458275789373808	0.376316023379464	0.045077879951211	0.300320460195425
634	-4.21373380977631	-4.65740384196223	-3.8313004973462	0.797363459045592	4.49584572557449	-8.4743207537513	10.5479843712661	0.795582369294857	13.3958259602904	0.157823979311931	-3.35894630774531	4.7876154854329	0.415800000288859	0.370690196057253	0.717006730316808	0.280408040219919	0.60923902375099
162	-3.5364441684991	-3.92065459877324	-2.95670390549205	0.975049042632506	3.80973456070664	-7.09181469260107	9.65314358490959	0.621578013039184	12.1434327555789	0.217615048811282	-3.29140189453424	5.23784936567134	0.386122775845109	0.175670618881549	0.561092190881937	0.126348994061114	0.452197914021601
1477	-5.26369876122631	-6.07851467670113	-4.88704505153144	0.666169256606942	4.40954564006602	-8.58372808928435	10.1573033441389	0.723677282277318	12.9519015192915	0.129194635403461	-3.56638438676591	4.66934876510307	0.44040000020153	0.447918495174974	0.761650629110715	0.388761351538859	0.675511543111333
184	-4.59280858762546	-4.65024102830374	-4.52423126091744	0.585841683185097	4.633323040255	-9.64454592599412	10.2411423147953	0.769391863827428	13.7288032091713	0.108519944180471	-3.78734251100139	4.32367719966676	0.443111377916494	0.581033425019252	0.835332671643968	0.457753384781656	0.730314361338459
207	-5.95139401451379	-6.72266860463587	-5.43633704565828	1.01559043542843	4.74201002750599	-10.3930346378145	11.5340735431184	0.774857810204551	14.9666122262206	0.180684769253536	-3.65155344920946	4.78957276329389	0.40651869658351	0.378657417765893	0.713722183712928	0.237080261573006	0.545199398424701
1046	-6.3424240791665	-6.74656526170115	-6.07688479221465	0.735500011688413	5.09180731617508	-11.3033337981591	10.5567303450092	0.889317709051786	15.2063053993474	0.128088634895455	-3.76492033681966	4.0608688361002	0.432200000230233	0.567590255553794	0.827334278062027	0.43016871800113	0.699424135462547
261	-3.40536916060298	-3.56105385910293	-3.27473001759016	0.184994680467101	2.86761229643665	-7.45386493006001	6.46053611541479	0.479793065090192	9.82729468513615	0.0486189490380511	-4.83864440293262	4.16063908641704	0.469706058889553	0.747609157647887	0.909327216675056	0.681537822730266	0.854357964822871
268	-6.89572007610687	-7.4155536175627	-6.55617632658491	0.718710496798186	4.76829708764197	-10.7081239583006	10.2474718107646	0.845188292357672	15.2738512369691	0.131154669730604	-3.93128636272129	4.15746427812088	0.426714657318134	0.537465673805201	0.80609115734539	0.411547590010646	0.672602330524371
