rab.all	rab.win.Healthy	rab.win.NASH	diff.btw	diff.win	diff.btw.025	diff.btw.975	diff.win.025	diff.win.975	effect	effect.025	effect.975	overlap	we.ep	we.eBH	wi.ep	wi.eBH
0	6.45510840992118	6.60617811163576	6.24345003345644	-0.290042725877326	1.13991913145693	-2.1129056444195	2.06264264055252	0.17829054156709	2.79626297025705	-0.230355292298426	-4.15545050348716	3.18119426680989	0.399720056336939	0.31298948666753	0.725123828328685	0.240222298768279	0.689677114275381
1	5.9442322968293	6.11658394818627	5.72332808249598	-0.320221795425563	0.985835573342872	-1.97782149505294	1.89700137001941	0.148714797729322	2.43909159488371	-0.288081828013341	-4.720331679202	3.29991101204611	0.361800000498771	0.264058102255021	0.690866619658207	0.0918960491162928	0.578418468028442
2	5.6404110874944	5.95316101107729	5.2312553286935	-0.5749130253699	1.29281004836226	-2.97551226869361	2.09540435913599	0.221881982257051	3.35444964349004	-0.405189196057172	-4.92610781456512	2.57394888893258	0.328400000648369	0.0370355100555833	0.543283116558524	0.0320373973593175	0.504448012757663
3	4.88353467348822	5.30817250795942	4.64027556278493	-0.404500921866903	1.7626872357854	-3.3407812367459	2.9250425629264	0.276671870591695	3.82243573607419	-0.231223323041531	-4.3524481632032	2.96401988499678	0.403719256481931	0.279536457571607	0.701922086606751	0.226486344078455	0.682350270259454
5	5.14092409871972	5.2090181302814	5.07312916041491	-0.198313935162136	1.20195578797239	-2.53443059193382	2.01769744044694	0.177957881828005	2.88353439414647	-0.155027220513044	-5.27261827266818	3.14830231494128	0.421515697128744	0.222519499476656	0.662823169538625	0.348990702681893	0.763945771019347
4	5.2537859774952	5.27106721499228	5.24091286246733	-0.161108000444395	1.157263866673	-2.45966479585265	1.79121007004814	0.186006635225814	2.81535685858333	-0.12791099259668	-4.34510780122854	2.76303086854349	0.436112777660917	0.316543175327417	0.727802609480979	0.44497662758473	0.815582880826611
6	5.13080322145685	5.3068614817381	4.82683013588203	-0.52224838301106	0.966296670331446	-2.2232296602091	1.35964392599624	0.168878842822679	2.27826500747124	-0.509188980103232	-5.36261340787283	2.01794457267425	0.291341732495532	0.00973725068215177	0.381107042666427	0.00751727246829323	0.342870574914843
11	4.96872332563222	5.08441703300944	4.56155337273392	-0.49402834793029	1.19360311346274	-2.78837321645038	1.55792984564247	0.184755686961353	2.82666919261344	-0.395078612964343	-5.50070802927062	2.39547094812503	0.336732654078241	0.0306947991572723	0.5416417946201	0.0504974224308308	0.537035659500469
7	4.23295328050158	4.40800242059642	4.06249249785925	-0.216036667719677	1.71012208464439	-3.02816299430984	3.33897896853915	0.268007034556936	3.91610475736625	-0.115046830705131	-3.80148653317057	3.56437093479236	0.452909418274687	0.765761277304013	0.940101611849527	0.580178827910046	0.884953693467722
8	3.86831071896912	4.48634767030081	3.66849567062289	-0.390903608984615	1.96186670394791	-3.94003575904765	2.98975793557465	0.284819946140989	4.34516357664837	-0.191274103958068	-4.52357790976357	2.97477379436151	0.429914017434768	0.238844948339144	0.674491884305781	0.433687220078945	0.808923316573566
13	4.42615510917216	4.55511550795408	4.22560942714637	-0.393924411309833	1.17568530603823	-2.65046230282408	1.96655058833305	0.169461894582126	2.97496489470689	-0.312560906717237	-5.18819333277349	3.25511981204114	0.33993201419153	0.151822721400941	0.600207840775272	0.0505897620818128	0.534194414458737
9	4.05711896513256	4.24345896808284	3.25377846267615	-0.288434783527462	2.03480790908542	-3.41229342208028	3.41058320877984	0.281705830172735	4.2953572704667	-0.138866611839858	-4.07508873176453	3.64435015121136	0.440511897821537	0.439838130741841	0.826501481558048	0.450797364882804	0.818098969314354
1143	4.06542695380252	4.36535964414284	3.94756229663158	-0.056292314053084	1.63292817589694	-2.70230956779359	2.97812164786339	0.238715950604902	3.43149478458742	-0.032896202663386	-3.76186626192428	3.42344613963687	0.486902619519775	0.875017254476246	0.960312201895702	0.820037448953494	0.966155421678925
15	3.6517343737812	3.23498512392493	4.17340394156741	0.911800128368849	1.49181120290015	-3.04854581481118	3.55416039325047	0.240268072105345	4.6415752770379	0.523799379808733	-2.77690039936977	6.1639968641992	0.266200000997419	0.0177572890998952	0.488719480301729	0.00319642806208485	0.233475508521359
10	1.86338872297231	1.66164310777705	2.1004900645531	-0.127498631984574	3.889510419442	-7.24691842947493	5.62926721714437	0.543016663921158	8.18776376289746	-0.0314477035876186	-4.57058599574884	3.43726362361835	0.489302139607747	0.554868151916838	0.876239186485314	0.852083165546236	0.970623750158736
14	3.489051390317	3.93867404999464	3.13789528802711	-0.683958628092028	1.561137746507	-4.01712822442458	2.58877357198121	0.237894639801648	4.20666734082163	-0.386695709185028	-5.49556640886771	2.75554473898285	0.331000000635991	0.0538074070435703	0.549387844897872	0.0372131702432346	0.512755707317802
12	3.72133588083505	3.90636494042182	3.19641061823558	-0.627308290342386	1.65037541971312	-3.58368352911694	2.66467036841627	0.240457277544765	4.03734880642199	-0.350806096641094	-4.99234743702055	2.79129535561022	0.354200000531165	0.0935723317828997	0.572844997653334	0.0681587130691231	0.562078456648916
39	3.67026300657994	3.76032109861996	3.43807863259175	-0.193485481477935	1.43928642495332	-2.79870455828395	2.37248003089759	0.210193682131332	3.26882682116099	-0.127086783586328	-4.13992164345549	3.20918906311517	0.447400000177296	0.531261929178338	0.865224688660836	0.511568021833447	0.847999103862927
17	2.37659001076417	2.40340885704689	2.28592346356015	-0.461174377110186	2.73414463087525	-5.37314918473107	3.8425496931942	0.33221290751031	5.9177780625778	-0.176828626694321	-5.81722762378221	2.76505365936052	0.433800000224604	0.120899842701734	0.585393605715074	0.428963043428446	0.806966982699054
16	3.86552508903638	4.17073238638587	3.42428870122254	-0.611941448786813	1.34499797740019	-2.71417551332355	2.2203824292581	0.193830242048088	3.4158531882077	-0.41577189096407	-5.05285916258713	2.86729356330971	0.324600000666713	0.0594217175766214	0.551782787569786	0.0325558454506875	0.501835464982706
18	3.71445190273176	3.94646906115933	3.39272444655773	-0.489332461376619	1.44789923534573	-2.99857241564142	2.29958224505271	0.207925967342752	3.45581060526669	-0.309918294011238	-5.40349816504042	2.99934399868995	0.377724455542316	0.147350263600728	0.597762528784464	0.122976902968048	0.604465492602424
23	3.54137775217823	3.93971555888712	2.95382058958692	-0.846644009142185	1.52115471778117	-3.32870460995495	2.1381124843732	0.253862010503891	3.2947228980112	-0.525350341678109	-5.64062956342093	2.2074395018276	0.300200000792556	0.0075463573896306	0.371203723551899	0.0135078903148479	0.406796685631514
20	3.79435279264899	3.90713613670404	3.6693150050398	-0.258566937879888	0.881437121498649	-2.83903568265631	1.43763115287022	0.138090824017014	3.06222769592315	-0.261081863888353	-5.82824458908884	2.94123363118586	0.35772845482495	0.106201992811423	0.576931664201039	0.0930702642398905	0.575623678918766
1090	3.54788205152787	3.73850735610085	3.50119478480507	-0.0439895701256319	1.11570361584101	-1.74107653617139	2.06316542963059	0.173974408776236	2.40242700871181	-0.0413575034419432	-3.38068161291587	3.68565961332135	0.479904019263229	0.924456162415003	0.972622880023476	0.863267048895154	0.971471406599879
22	3.39119291356898	3.55093523899169	3.12923938952856	-0.310258976250885	1.49343793143422	-2.69361283318583	3.01277608445498	0.204641947217193	3.69716899759528	-0.186612143641252	-4.30717073708403	4.17127937078166	0.417916416997734	0.707460321664281	0.927774360646444	0.322227025143818	0.746538300995442
19	3.20035197419982	3.3958157180488	2.93502468562937	-0.21166237483418	1.83638957725424	-3.92771154449298	3.04050098780316	0.295190496460123	4.30726881217329	-0.112354657081047	-4.39538592637335	3.38293670859808	0.452109578245431	0.543486575084788	0.869481591504552	0.585351821313029	0.88830040417101
21	1.3922182233305	1.07696788799373	2.25268065135908	0.865067499632945	3.28537515775823	-5.48786678556815	6.95857594250555	0.493285848813815	7.77464202114897	0.235480321552577	-2.98302079940141	4.53998857898452	0.399720056336939	0.171988753519296	0.622525085268162	0.180975290959641	0.653126887396607
33	1.76888872000787	1.61249983648156	1.890214338988	0.0831611042162441	2.09230103926243	-5.01729866563533	3.94833963052706	0.311176322053343	5.76413634306606	0.0335415323379336	-5.61393749489712	3.70626701854196	0.481903619336521	0.476546009428025	0.843116575986099	0.828219261377758	0.966275707335128
1489	0.916627035605363	0.741958041031455	1.48928415313164	0.173142736064538	3.34394226459082	-6.67097739249473	5.90400057505443	0.460663384256421	7.55486991864471	0.0476772600530922	-4.45313505360776	4.11505892528079	0.477800000074146	0.819933932797699	0.949287964606584	0.78259759973911	0.958177826866138
25	0.952836505192245	0.677577400726459	1.2436262958476	0.466288628111315	3.05781103961706	-5.8215584403235	5.12010427458236	0.329779295165811	6.75164593438281	0.149122091127206	-4.86393903103068	5.23953459395696	0.409800000310781	0.698283537798438	0.926307439167047	0.271695898605893	0.711593301042222
997	2.57309721290603	2.711620666282	2.47879957598972	-0.0141410164133156	1.75222930495164	-2.96384459143326	2.98915424808216	0.273507133064812	4.01004508282309	-0.00769382219682244	-3.62314095055818	3.53041919369149	0.497200000009334	0.821432046008071	0.94970328078875	0.939199721515689	0.984176263814842
24	2.37093072529073	2.32997304708905	2.41748237819011	0.0501216267731275	1.55385730884314	-2.80170786112342	3.64915409046785	0.233378496789703	4.0559987292286	0.0299227018317879	-3.66914510655674	4.437689861941	0.486302739497783	0.740001075754796	0.934980796172998	0.841537237447458	0.968594644592572
34	1.53568460377355	1.19594779832241	1.90242991426565	0.396805295950204	2.44392995383449	-4.04782598928694	4.39565818606255	0.283381201324102	4.98001631635231	0.155957979037341	-4.06640476458541	4.84358727343031	0.411000000306374	0.488359543114837	0.847938818177063	0.265105130514473	0.707754889043877
30	2.78603777932614	2.6345047169803	2.82416744698017	0.360747575793604	1.49702386703992	-2.34713727504387	2.83228096307304	0.212824645106029	3.30199881925101	0.227536770793628	-3.2651617801039	4.59022396041692	0.41120000030564	0.240316724329441	0.675792907041192	0.286351097253201	0.722098411299727
31	2.82199817790616	3.14278944471119	2.63244566861999	-0.539339707652462	1.03379647818837	-2.62765156167328	1.35753355101761	0.166136879982243	2.73839621740758	-0.478194528169198	-6.14442400113918	2.19185186251677	0.306400000759148	0.00801312512497312	0.371916105696488	0.0150454792434202	0.408987110338352
37	2.63255612849472	2.99291981352482	2.31425825155007	-0.555745262964896	1.33296423476338	-3.12158533166949	2.11169251718544	0.236005011198453	3.41252169275464	-0.368269004246451	-5.04854522985039	2.64679332199354	0.347800000559143	0.0638921996340176	0.554237537022825	0.0674250525590661	0.557852592461965
1356	2.71668912893365	2.72001385230708	2.70783182205043	0.00540008217505505	0.879633814937828	-1.62956033109591	1.57861171055601	0.145158648274075	2.0980554911487	0.00511695480991178	-3.68087749305804	3.87271752408716	0.497300539901016	0.895202163392101	0.966112757139251	0.8702325259762	0.972630272046884
32	1.32992893379988	1.3315483076998	1.3293739733365	0.161162865989104	1.88305254128866	-5.43308029613596	4.68395852081717	0.282110996839719	6.83977805475206	0.0647451634195149	-4.80623964041818	4.61180808743814	0.466800000111157	0.885686423195742	0.964216978343506	0.66405773746766	0.923870208549511
26	-0.106831414133785	-0.244792140411124	0.0842747130805241	0.399002228343383	3.71038518881792	-7.34495529914691	8.36064984888959	0.535803912801576	10.2236883721975	0.0994394044949341	-3.75850954372881	4.28262669396365	0.449310138143058	0.650229401546494	0.907120799505448	0.515697024784888	0.852544180052732
350	1.09129793165355	0.526109556337264	1.52221089429899	0.95074218023462	2.62904924623126	-4.60265314730302	5.90204305671902	0.370120765070801	7.14654124324277	0.338692612962291	-2.74817883856299	5.96393630586019	0.319600000691328	0.0594362970933426	0.553104493567494	0.0273616760373491	0.479953430629224
1444	2.39438661643121	2.75936895151903	2.15300772399933	-0.508858721176564	1.38316505623344	-2.9064766471746	2.18626900971191	0.227205413187651	3.44566800428381	-0.325331341407738	-4.77582009719829	2.86070951977099	0.358800000511455	0.0993998301938444	0.574007556806933	0.0955994176035033	0.582537229064003
28	2.14180318140225	2.63479170776441	1.83766266732267	-0.593057229179957	1.6509156407653	-3.61866870586435	2.48280097252036	0.278049500931597	4.17492444115149	-0.322605634626314	-4.61475860701512	2.57704874365332	0.373600000450098	0.0856590963149384	0.567337485147319	0.113549607972939	0.596424538974059
27	1.1178416687374	1.04955450747789	1.42490468543071	0.132465747042339	2.95642986146244	-5.69456426715315	4.59829061208403	0.416530177302512	6.3487962625324	0.0405185987637901	-4.09887575977786	3.4611201775256	0.484000000053388	0.888165134198262	0.963150158289172	0.846605900920797	0.96984856945437
62	-0.43135974318771	-1.85432163677109	0.241581928724155	1.76934691911643	5.22963072636558	-9.61391340410198	10.6922820785242	0.608957361476333	14.7944413234393	0.344962056019737	-3.74845974417264	6.76869700076717	0.30293941289493	0.0952272621307126	0.570412037873944	0.0171343545343992	0.422154884613933
54	1.72154329574036	2.03739679762963	1.41463277567877	-0.663111116448105	1.60064821648018	-5.1061160185239	2.40468152304217	0.265477541327259	5.44472090887635	-0.351113565202482	-5.80951522679401	2.56846600920342	0.334600000619078	0.0360342473758313	0.542312996558213	0.044928735623241	0.523681173724052
1031	2.29266189943202	2.36292425222274	2.2056245366897	-0.0334661534523621	1.46575469162646	-2.71425493228402	2.93978237957522	0.222652363231868	3.54998340533269	-0.0224591021818454	-3.73187846658183	4.05266988468988	0.491200000029342	0.868053677542185	0.961539051937321	0.897585549589772	0.977478572482746
46	2.38635503008162	2.52223704518923	2.14359246096832	-0.373892018790986	1.23984377162152	-3.00762486926235	2.128709639017	0.213775942664016	3.33150347415783	-0.270234959411297	-4.91252627958989	2.90676234217778	0.37880000042922	0.135889492351199	0.591474245464784	0.133601420856963	0.611928107689621
1354	1.42697400138369	1.30743704339076	1.55222281986433	0.440921707872263	2.09837101975343	-5.00956355019165	3.6946669555249	0.336748759505856	6.33907920962318	0.17940180704084	-4.26283905112027	3.90184346366842	0.416516696946812	0.73401311841928	0.93392203992238	0.342833597149632	0.755155074407257
29	1.73656646193687	1.80427012938578	1.69495949595447	-0.0856918569848224	1.9626326183978	-3.48803623131522	3.12920313467181	0.296238657408174	4.02106805401487	-0.044020168073583	-3.97033332887193	3.28389360593237	0.481200000062756	0.707867707428038	0.926660793788599	0.818251199611857	0.964723161323618
40	2.18324924286839	2.36348139412348	1.94343303669199	-0.516657799531143	1.50396940799628	-3.65754705020316	2.07028369940781	0.272843428315115	3.64601139027745	-0.320865276205733	-4.85275337654069	2.33246939562043	0.353529294675025	0.0463645887916832	0.545510214918184	0.0767492432016872	0.567315021284039
49	1.66871514286097	1.74754066588034	1.55889786883184	-0.0389503806045135	1.87702452070284	-3.36914888226938	3.35923838156369	0.290494870731159	4.02747711951759	-0.0201971255712019	-3.79876301134261	3.76800178382091	0.491901619703056	0.818980334673697	0.948978739513144	0.881511906148791	0.974981950837229
1504	1.86731857899902	1.37443712864673	2.03960566908897	0.350343611928198	1.84467572491809	-3.12007884935324	3.56275441495373	0.285246995984084	4.3840108502116	0.176604368462636	-3.3862590175987	4.27714665241093	0.426600000250056	0.4097442487932	0.803559977740618	0.364274779196024	0.768027504329247
52	-0.619492817801477	-0.832583218159141	-0.275892987766961	0.554942563079208	4.02045858535406	-8.55227538835324	8.55628249258561	0.50669323674747	11.3397578103499	0.119416118632306	-4.04723201111815	4.79957732709422	0.416400000286681	0.653086527770025	0.904105919783044	0.349847089632389	0.758302512450264
50	1.85758343867576	2.15588340327027	1.6060599373642	-0.501807768613039	1.57879723983377	-3.60860271006569	2.61484864813967	0.242611324081121	3.90186018268642	-0.294290215358136	-5.12099342025614	2.82033662655024	0.36560000048289	0.142279366277761	0.596656277762173	0.114876083580615	0.597880465733796
43	1.91781656803793	1.92838421765841	1.90877484749207	0.262768333836718	1.46081380427785	-2.1354353344255	2.89174823520776	0.248113342778649	3.04675343973372	0.177338840102245	-2.60729889173851	4.16289862340084	0.426200000251479	0.27585185090308	0.703598672623362	0.409262993462516	0.792991856702567
36	0.352862553103861	-0.0922666605815801	0.713544620182089	0.127957481993411	3.23047386040685	-6.00565512350357	4.91714113147756	0.398496685911713	6.96375914821747	0.0422522580195121	-4.56906260266492	4.06336415516512	0.477200000076158	0.774472747123116	0.94149021517431	0.791934010656929	0.95748718187157
41	1.73820323591367	2.2397456836681	1.26347040606083	-0.545532889988694	1.89993167025997	-3.55917149004181	3.04401854505784	0.312679640686645	3.9891058743271	-0.281039607159249	-4.72070922298955	2.85042103114347	0.384923015801804	0.161846606815194	0.610873198986654	0.160862116499375	0.636034958717347
42	1.13703757581858	1.26110662287629	1.06635215999321	0.0288902016118788	2.08939398087945	-3.79295674164482	5.14755444985992	0.315624285996161	5.40855829916793	0.0138806612293658	-3.84826895648742	4.87504585362013	0.493901219776373	0.822792481514224	0.95092299809549	0.914774807442354	0.980664259491821
48	1.99942093277931	2.09958079199581	1.72394361947981	-0.249820385160859	1.45121934444997	-2.70271682034418	2.54568962424395	0.236451653633343	3.36273152842297	-0.159477392669695	-3.92212141686888	3.25853484897355	0.438712257755816	0.458696992977748	0.829645176000068	0.481355329574583	0.832751630427533
35	0.65012441315635	0.455434770908064	1.29143988314241	0.725174724588084	2.15637014834604	-3.87525994026865	5.58293911867805	0.250990561992922	5.73255266062717	0.284159859174556	-3.18091826374003	6.89670137310641	0.352600000538098	0.0831095948400004	0.565949826705916	0.0936356745727333	0.583330101840828
38	-2.19369511792032	-2.4841975363497	-1.89805098420505	0.513874047156084	4.01016223457878	-9.54705772589277	8.92188022022644	0.506744804454912	11.5373150295265	0.107815814083489	-4.91615630990933	5.0534017131315	0.435112977624426	0.866760216666627	0.96066949107557	0.439316069514506	0.809584486081522
148	1.41192291224796	1.54794280683952	1.00248216823739	-0.388837567454885	1.73419162506636	-3.9405144193566	2.41787939165148	0.285092476947363	4.21004339538305	-0.20981475602568	-4.93918235346747	2.59278744261109	0.412317536794129	0.132128751894189	0.590525479633927	0.286683385255541	0.722026167254903
85	1.33192696643314	1.52382378453764	1.02947798443297	-0.481437156103968	1.96510325707818	-4.17011948057067	2.80558530732012	0.326283396949921	4.17815873872631	-0.237202022052063	-4.64741441058847	2.45931198414819	0.397320536250013	0.124355285576492	0.586585679742739	0.196862594300056	0.660979935563672
81	1.54819054792735	2.05326488080855	1.33531976071418	-0.539797008165032	1.52788769219626	-3.37564818183661	2.08691632550172	0.243503317289254	3.96139511947083	-0.323478298856345	-5.27050767838758	2.59689466747258	0.374200000447672	0.064805462305347	0.554607482149307	0.142256277501402	0.619641098101555
47	0.166822311184817	-0.385528658549231	0.658936858582638	0.764252509465236	3.12139839910145	-6.14399329845349	5.93570450395206	0.391219580400647	7.91814475880429	0.21679055925458	-3.82774440635188	4.95999909888846	0.403519296474678	0.521989004673205	0.860916375372438	0.23170082943774	0.686917747311624
509	1.3480307059531	1.46702531003592	1.20534605022051	-0.213183048501524	1.89373356209479	-3.43558584157187	3.44224845513143	0.23138918792582	4.16737274935749	-0.106452866945626	-4.71271980070032	4.27118277187415	0.439800000203618	0.871857739973047	0.960024044527479	0.487416281127892	0.836574385192012
51	1.41992071679928	1.38227967625141	1.44166536019485	-0.14301778247067	1.85941455675277	-3.46911635041112	3.84070049904881	0.273872813123331	5.13354023674985	-0.073548355886862	-4.14797682120368	3.75036552137689	0.470000000100361	0.708636834583934	0.926519996168779	0.652901462318165	0.91702406716143
672	1.74780524801003	1.73193491727986	1.76049457401453	0.0444957889001731	1.10392244655709	-1.97325286351557	2.85873415491201	0.193416111013009	3.3457512686869	0.0381025236415751	-3.42907688890438	4.22936933207299	0.482000000060077	0.679845704403169	0.916281521848499	0.862260793829284	0.969968821904326
785	-1.18239468290334	-1.83064537580971	-0.496159242160079	0.92058823492082	3.86860055517889	-9.94130476504741	6.36257513879317	0.481079609929218	11.7757151593249	0.202142235799505	-5.80251812548603	4.62309714230494	0.389000000389181	0.832316842207409	0.951972002318287	0.21342128275847	0.672626268507363
44	-1.52384758195283	-1.73721456423183	-1.15288099058695	0.0459074427321431	3.82949025654422	-7.79718978260136	7.28995241529963	0.521717981311602	9.36360247649869	0.00985885624606523	-4.52261331869427	4.35572010148558	0.494301139791037	0.881870813237093	0.963284883546079	0.864047214922992	0.971117415278228
59	1.36776488578319	1.4359277861288	1.30563678419314	-0.217446527720211	1.59156607033706	-2.95343520915298	3.19720774918136	0.252456775729756	4.04562846242986	-0.128505367927002	-4.39215380258558	3.39034063443234	0.438912217763117	0.504359909472752	0.852589572059546	0.452583337491635	0.816919526748942
60	0.9515617206299	1.27301880488423	0.797479114648964	-0.363379759510279	1.8598118358481	-5.23985006373623	3.04742098606599	0.278891431523848	5.74182903816633	-0.157831582927815	-5.70217507544228	2.90026258311108	0.420515897092343	0.180442491154445	0.626327795812679	0.354190132588813	0.763423027578792
84	-0.590580042460526	-1.55185350864265	0.10083786226576	1.91672986766485	2.89637326104123	-4.54044205925486	7.45925322428176	0.377508971424966	7.30473607931781	0.63512469823163	-1.98590125834792	7.48331535749893	0.210000001456701	0.00114742649304017	0.179706519187984	0.000367012171952156	0.0589543627294797
56	0.893498291815995	0.865460363993604	0.931751875810599	0.0288881252525308	2.33704511208454	-3.97225145437395	4.86924796160588	0.36181298912156	5.61250213371861	0.011377004020861	-3.70852275825604	3.91164937757221	0.493200000022671	0.914659980187111	0.970797805290685	0.907683334347714	0.979855854223626
72	1.19397498954542	1.21274265256508	1.17543833219013	0.0818271732599882	2.02775824533644	-3.38253289276959	4.16464546810864	0.317376216084819	4.78661463313818	0.0374956376303954	-3.2486404155552	4.10006240135585	0.481600000061417	0.755670348472243	0.938242216746059	0.857260885840585	0.970777950112209
70	-0.702036093765782	-0.667166676581973	-0.783505727204617	-0.586569808263607	3.47711389404325	-9.95090318236983	4.41516275724388	0.415637749969825	10.1779153016377	-0.164553421330624	-7.64435714799349	2.96259414779035	0.414917016888631	0.0702091706705106	0.55717512345917	0.273322373931143	0.712707188825301
61	-0.270012767737281	-0.680620162893588	0.0203403265423994	0.643954846114025	2.43984251172941	-4.69174672531839	5.4849943621378	0.352892402254738	5.89613708075197	0.234286122979516	-3.7699478832622	5.45225102146281	0.362600000495411	0.261332066064895	0.69147597467145	0.107323433687988	0.593970581017776
53	0.641560793882811	1.49444498503496	0.273981858461927	-0.669543720943984	2.80886086465186	-5.11904718211596	4.54328953570022	0.446207416377627	5.68654198813139	-0.247001197753136	-4.15642970046616	2.84787446341734	0.401719656409417	0.237305351045564	0.670776012575364	0.23335650818801	0.685466578755753
66	0.48312538195996	0.18713084301659	0.849024043698834	0.332168481490311	2.70453333173225	-4.5914847397299	4.59540728485159	0.398514177780491	5.79589536399813	0.117314892714926	-3.54270980689084	4.22545718699877	0.444911017982253	0.675047588317917	0.917336915381075	0.464082098679523	0.823120763146773
55	1.18018233602977	1.55638563831719	0.93221353853221	-0.563122234507748	2.34693626663349	-4.70181118796945	3.66211625285215	0.404481228995242	5.41215838584954	-0.224124717184782	-4.16689237658539	2.74278688837337	0.391121776025712	0.235097032069868	0.669546160181566	0.215942997465258	0.67590484558437
58	0.208720664455166	0.259966312967619	0.093039547916951	0.0157507726933694	2.37290427042358	-6.78417023623269	3.91422604130604	0.326204309228624	7.59307718094309	0.00475657271225978	-5.77011857808085	3.94486993029597	0.497600000008	0.563738787399587	0.877911650884414	0.888562613176888	0.976081132636525
301	0.540144087394973	0.292811575770715	0.889208843692517	0.489254626694202	2.30215872370708	-3.99047495450783	4.81177285972286	0.332690837784426	5.19095871861359	0.196957249591395	-3.39807912025937	4.3509429353816	0.410717856736	0.39126428919419	0.790411697894431	0.305541681740305	0.732352989089261
1445	1.13655308125348	1.48313528093781	1.02842534168763	-0.541793109093311	1.68044558688901	-3.76418221503897	2.47979390954485	0.266957835179854	4.50033068376902	-0.284377611173193	-5.36002728535375	2.94756866373556	0.38960000038686	0.115300765187469	0.580707635807585	0.184396816589525	0.65152122132365
65	0.265267553549385	0.0103463201272689	0.567960376433353	0.62268941722461	2.1959366901584	-4.15087429154193	5.04557263033553	0.358893766810634	5.67122452778925	0.263697341629635	-3.23956607734827	4.95146576014871	0.369800000465569	0.168281309472095	0.620582947331781	0.116148503421221	0.601427570519836
1074	1.42213719799782	1.35040993819932	1.49957949846927	0.213073301413914	1.08241111665097	-1.81353714578299	1.94079132893451	0.185829183131446	2.36772885702939	0.189267836063775	-2.97497771349746	3.85475460490743	0.42380000026004	0.412764308639613	0.798120857354919	0.339258092679609	0.750837614772857
64	-0.466482675722133	-0.709777686476102	-0.0307354531316504	0.594226977682168	3.21145483576674	-5.16135281593334	5.80423163516502	0.365377435381945	6.5030894348079	0.183872454655856	-3.88799651229813	5.75718332320333	0.389800000386088	0.365508214476919	0.772759932493236	0.205843102156559	0.668646939778398
97	-0.73845738755222	-0.754675060996572	-0.725626334430784	-0.398270571363429	3.03807485868468	-6.0560557542363	4.27838076638403	0.333312662247552	6.19218735425871	-0.144337626516678	-5.70020767007188	3.46648322517058	0.430713857463935	0.15263453834389	0.605241465748811	0.369969971925116	0.768609109817803
237	0.31076258071551	0.274294909723115	0.344367348447158	-0.169796019185736	2.27796663399961	-4.28359622182572	3.38005687738414	0.319556058985668	4.70470461859171	-0.0710120247154259	-4.24247537068372	3.3592214683085	0.458908218494178	0.523124223935802	0.859759911752265	0.620883830907504	0.895417515280356
57	0.551808313609855	1.04468745975739	-0.155388750541353	-0.819725328932066	2.61711077160134	-5.24349036069996	4.0169412518047	0.398686688770011	5.87469008760177	-0.299369177292636	-4.79677761296829	2.80553579708369	0.381800000417322	0.121087920759223	0.585160349292729	0.144227769564683	0.622859456599815
383	0.682648969764185	0.937653248503485	0.513430984005795	-0.653260141131201	2.06997209846242	-4.29425661719401	2.94309312002694	0.291594515678038	4.29857135534491	-0.317199878899491	-5.66375035193204	2.31287187978885	0.364327135061078	0.0527817837058648	0.547904836434904	0.103136725637819	0.587475174088904
69	-0.58834001655096	-0.671381202777733	-0.523296124651745	-0.24468914634571	3.55841153391484	-6.3290605787389	7.02735204440204	0.543929947433978	9.65462143938631	-0.0590210596345044	-3.72925903148925	3.86891805761152	0.476104779123992	0.86966013207516	0.959958438573394	0.755700517965471	0.949368169080521
76	-0.8355110469205	-1.04600021690184	-0.707206579055901	0.264239619473972	2.78526961471338	-6.16503524422814	5.1476253517766	0.439415530207141	7.39978391113757	0.0849103385147438	-3.93659545331293	3.92040666108156	0.455508898369783	0.852583841045861	0.9564595293869	0.580515266383294	0.881704252858822
1185	0.171014702839958	0.0591720690204207	0.32006085290463	0.0938263223410623	2.1331125493978	-4.317643788421	5.50857461394252	0.30485093046137	6.18914504232912	0.0365437644557417	-4.69115332858694	4.46221045183468	0.474800000084214	0.868091541867883	0.960142771173519	0.746299455333431	0.943736097167708
89	-1.25898709406476	-1.35209446083594	-1.15254686343827	0.0575732899441244	3.4418227428824	-7.51279773787961	6.81468040252882	0.408011859641315	11.2079027920361	0.0150975195281935	-6.06260421523279	4.28870495513226	0.490701859659066	0.536153405176622	0.855826430257439	0.86403250229517	0.970273598955652
629	-1.44617075215041	-1.58389567121615	-1.32022715098529	0.107866595569329	3.6096863519117	-7.51318714960969	7.2682372198789	0.602322846017149	9.60352583463728	0.0248032692989157	-4.05089641122176	3.60846852035175	0.489102179600416	0.869873659979394	0.961645283819486	0.846790428385796	0.968335541441716
67	-0.3817255873578	-0.569571353046999	-0.244538136446492	0.160113972553717	2.46122824707639	-5.37316505063086	4.17591276805705	0.449535091995306	6.47292609200504	0.0612488465665603	-4.10725572246247	3.2465590465841	0.473505299028741	0.863912788758281	0.958640697985564	0.709212225307761	0.934732340044034
68	-5.66636496689201	-5.86437428599998	-5.54510270817809	0.0724068722458462	5.94018638424873	-12.901155029389	12.4852927742324	0.960286573704773	17.1907279388257	0.00908836355829714	-4.02869326760004	4.00207862938274	0.495500899835028	0.700544700782578	0.9081355026629	0.719010386152174	0.921713311610016
71	-0.605773191008646	-0.343658367798022	-0.801362533049622	-0.400272491914007	2.5632267095531	-6.42900388143247	3.84804427080442	0.389231110439647	7.16658511675957	-0.136642078622436	-5.09437298349884	2.8387847552989	0.430513897456643	0.242923226863106	0.675082143097222	0.43640515426685	0.809332942407508
82	-0.230113499366962	-0.192019495481291	-0.255387154848363	-0.0461997256240032	2.0037723270183	-5.20929433033244	3.54625894480638	0.301411628522253	6.15467725727339	-0.0213459998254659	-4.97221516917453	3.66598229328799	0.489902019629741	0.549792258801245	0.8705606720246	0.877742908578906	0.972663397237265
79	-0.171871494801376	-0.0346480695579965	-0.248436314610941	-0.130611676893658	2.49543552504985	-4.97325527861445	4.54667109354798	0.395909983941322	6.41064473054446	-0.0485488065252712	-4.0938996343339	3.61180337559127	0.478400000072134	0.698665984339252	0.919629999419337	0.799585077164514	0.958346696303605
77	-0.943698564991897	-0.834770050601331	-0.986712783729908	-0.276832848775401	2.81742258856293	-6.34829389503738	4.77455151325409	0.488880154388539	7.46357830786396	-0.0939245552200806	-4.36808861853507	3.25328446774221	0.459000000137592	0.484835481058275	0.839843669683319	0.719592917083943	0.934618670540369
1004	-1.44134677361709	-1.45446961930772	-1.42352379909064	0.246901243430518	2.94623174593861	-4.31164731000768	7.90872461465163	0.456297744729241	8.65204664164944	0.0687572893707215	-2.95089484655747	5.55039425378989	0.464200000119948	0.286215226236603	0.708794308194752	0.685090214923054	0.923122394445756
318	0.115097220134045	-0.0861538402460411	0.28703750545004	0.327905680734316	1.93143754567806	-3.86090642869004	4.86701686325739	0.272462945441152	5.56825436182645	0.14590897421497	-3.78607193064367	4.97438455057934	0.413400000297594	0.518442073511453	0.858217402852066	0.330163321877455	0.746587926725081
86	-0.491555477585522	-0.212399201836435	-0.688347820043336	-0.40231026743409	2.04795241327934	-5.58902435619697	3.41094062305559	0.291113085325919	6.26610787698102	-0.173627978835476	-5.64096183275641	3.27907978931485	0.409800000310781	0.192933430052584	0.63520323098241	0.26188180962893	0.700594460275989
95	-4.54562707924106	-4.10778256560607	-4.95307278099736	0.154100314633791	6.23022442517365	-11.0230817156027	12.4110415727877	0.914729116411653	15.6021189796916	0.0204329177164875	-4.03084123190205	4.10686932856842	0.490301939644404	0.758051789736491	0.929322506989019	0.79873883976115	0.952015157632524
96	-0.981035751422972	-0.964076861006336	-0.993741722621023	0.221020158540147	2.90469611393234	-4.99933664943403	6.21046937884664	0.440836653676696	7.3689952570646	0.0695199695269818	-3.51464018893089	4.24618164117262	0.46910617886758	0.626043224323607	0.897913089567162	0.726015456703115	0.939184271816118
91	-6.7691236907793	-5.56598511197598	-7.43997032053665	-1.59566482935583	5.86155018181658	-14.6832311939892	9.63843228798087	0.935989450916137	17.0162821373697	-0.235988992031066	-5.01605216788296	2.90914643480724	0.387522495895651	0.210035055042367	0.638687609100212	0.215178546575798	0.649560012148791
124	-1.62674164074924	-0.527369726006475	-2.08803500288825	-1.13888833523614	3.38211210445164	-7.6605312628887	5.43298004472425	0.523075637687316	9.26478707535111	-0.30625104890974	-4.84505110139694	2.67504502230121	0.366926615154267	0.103541194843613	0.575299583406488	0.109198662805586	0.593674119698589
447	-4.6219974512357	-4.50192741619841	-4.84670769272393	-0.553690198209422	5.22037181010347	-12.6456263039988	9.00929760875851	0.795204795013424	15.030417852432	-0.09460388180151	-4.45692822611978	3.42072352707918	0.444200000188346	0.490914402183477	0.816323563217725	0.554647470394394	0.855958182788077
1007	-0.12767441803673	0.0942366260682714	-0.372052018616972	-0.252957493211724	1.86739523631306	-4.4674584622042	2.99540074857762	0.307459244868742	5.31826562590524	-0.116969644889857	-4.88332984041501	3.09244521168725	0.441600000197359	0.265503874086638	0.691984256126153	0.455564153721795	0.816762449846879
80	-2.07879363600836	-2.38382456561328	-1.46609040600589	0.978962986378134	3.16954792818222	-5.75388816835505	7.04077697496402	0.462330133145586	8.42091232354602	0.271767233381592	-2.97130959167403	5.33967860331244	0.375124975448762	0.124903350188821	0.589874124805109	0.135980956525185	0.614297228906572
87	-0.973295027913123	-1.0897109726554	-0.706989952690058	0.332365729063035	1.99447010942444	-2.91302569073846	6.87605892120901	0.306624863939435	7.52491291481324	0.128105638479658	-2.86901439594628	6.66487015815801	0.424115177223416	0.156031867516092	0.611290645141573	0.336069271328666	0.748308784439736
266	-0.429119492311832	-0.446138976474033	-0.416005443230889	-0.0293003961181757	1.58983220834706	-4.80174980574849	3.63534460837397	0.267421721705504	5.37438034526109	-0.0137324683219378	-5.08853375434593	4.01942339454551	0.492000000026674	0.696095914011166	0.919195177308183	0.840713644466146	0.965102446481777
1122	-1.99626746080745	-2.09451605390791	-1.88530518133082	0.395541775771072	3.69944673947112	-6.07620014632221	8.32948978339613	0.585177581493694	10.0580312791902	0.103920597088278	-3.37114033072489	4.45648909570512	0.451800000162173	0.429416573413912	0.803761761402087	0.539858505721504	0.859514953014939
117	0.0485626980287517	0.121607998041588	-0.00858205359535358	0.00386133990191162	1.97141753729333	-3.69885971389405	4.41102294593873	0.269917249374118	5.27191627189658	0.0031006648826264	-3.75671180961051	5.11225705714876	0.499600000001334	0.660891892985248	0.911168370092838	0.884697181266038	0.975003104806468
1164	-0.828344854915527	-0.584082389143521	-1.09321292790828	-0.332638701374756	2.07488856402655	-4.34653331830433	3.21915206071193	0.345159685199155	4.98477716252131	-0.147601677093716	-4.35784574375575	2.80757863793821	0.434113177587942	0.282305662250156	0.703436274165609	0.442433285195748	0.81030331584147
104	-1.4457735367764	-1.37458005687983	-1.51186473799087	-0.250446391246621	2.67777644504542	-5.37171472142296	4.21809047870538	0.348379655164765	6.34969762661472	-0.0963408595642851	-5.33202542953433	3.33294441608395	0.445000000185578	0.366582235733025	0.766720351980895	0.570896978243697	0.868583126667086
100	-1.70476549265754	-1.76859210884018	-1.6278639839398	0.036323828310854	2.60402687627244	-6.81114574914337	4.38235016380234	0.375512070314111	7.57834233695141	0.0111137915399107	-5.41432427774537	3.89039037675442	0.492800000024005	0.548119579025876	0.86759313053104	0.821451273458689	0.959958066124593
98	-1.10343824158181	-1.22367659452513	-0.946813732273967	0.179168120156578	2.50882043947729	-4.15700415006553	6.10887202940732	0.391923757172441	6.90453446392404	0.059541200465566	-3.64333651486619	5.08372889087504	0.468000000107105	0.441033484828152	0.816047167377156	0.722609998087927	0.934403831659552
109	-1.40112324889118	-1.37982057890369	-1.4126220910817	-0.256408078617405	2.44428758184347	-7.56434276220212	4.73180689671514	0.350568442728106	8.83906674253142	-0.0859506495457443	-6.14982698854999	3.53609672763355	0.450400000166977	0.305638660795158	0.722818621509446	0.574147269947703	0.872402650435525
112	-2.1721161784304	-2.61744510911513	-1.340286187209	1.0646617921373	3.92134871108968	-7.39748454871737	7.69348213684593	0.60460195285098	10.5989818322314	0.257425479926857	-3.37214066275801	4.83084604926978	0.383523295751302	0.272047135158166	0.69184330272922	0.151012082080645	0.627015142044331
670	-1.30375653145894	-1.3264124026368	-1.26049797267452	0.260433854527044	2.97308720961434	-6.94293602762745	5.43084561151833	0.414092956765557	8.90385530238172	0.0761524048735829	-4.14669201981366	4.19161841036957	0.45390921831126	0.876545658311202	0.96187677171026	0.640183742262253	0.902347318792868
1092	-2.47499728899405	-2.91032166892214	-2.00298594955323	0.963912698938103	3.99241987971133	-9.69039882433638	8.68993249500684	0.588800844401915	13.6695316343687	0.196061126946725	-4.69505755419267	4.93410077898919	0.383800000409448	0.586930052142493	0.868125133587401	0.169163833838328	0.640741440331164
951	-1.89829890106954	-2.06933136167306	-1.79138471778132	0.219639523834163	3.07826512766501	-6.73768938910891	7.73129260887477	0.481491951612869	9.89504173975098	0.0580608750433975	-4.36486316257631	4.88763362355818	0.464800000117918	0.751627197183019	0.930174392752283	0.722932900225435	0.93479528340183
102	-4.44616700524742	-4.26476532200473	-4.63253731790807	0.566782047089101	5.80155334280561	-10.7837487759533	12.701525101446	0.820857666712149	16.0182686069705	0.0884188490450557	-3.51535006084408	4.66884285028329	0.456108778391732	0.6249672210562	0.874698090413668	0.632322101786318	0.892918134435829
178	-2.65418357156945	-3.06201608046629	-2.14384379118245	0.647233097897515	3.50637563579204	-7.03860481484188	7.75513553433311	0.530507853655568	9.74133900894303	0.170714655438866	-3.78673295560255	4.45221067580977	0.408200000316675	0.468018843214563	0.818336514893425	0.287069635766461	0.717889257719921
346	-1.53367878026664	-1.40418009603043	-1.62636121203965	-0.159828445661986	2.3103873471911	-4.06610454428742	4.26058409054325	0.362070015020319	5.19469287826101	-0.0634789776212798	-3.67595119529582	3.43557801914198	0.472400000092281	0.845868901986884	0.955406310542597	0.786229032383991	0.95114419445043
975	-1.33658600256819	-1.65060540911948	-1.09930098621918	0.486258295214917	1.9656088924897	-4.35838276290034	3.57397687654964	0.339755040842344	5.3887719720655	0.213445390539386	-3.70370044739432	4.22651050137496	0.402919416452921	0.559681630101401	0.868568817897834	0.245865278931065	0.691511236606737
130	-3.36566428920028	-3.24475558534903	-3.53141638499791	-0.32208268400351	3.67854017160737	-9.48726642126193	7.45321567550842	0.53223730681402	11.6661580777345	-0.0722077268340859	-5.43532637487765	4.06707524881104	0.45470905834052	0.483209049058781	0.820725978085518	0.555915991863451	0.857210878165727
78	-1.79989612246805	-2.37955948253566	-1.3744533779673	1.03900563305988	3.9039693739785	-8.80351769498826	9.99390177506931	0.545430911097315	13.1019867217332	0.227863278607533	-3.77323349567321	6.10144089061808	0.360800000502984	0.242595557697469	0.671840956114205	0.103919940948623	0.590985866787406
106	-1.04407342584357	-0.955547320554825	-1.25383472968269	-0.454671769245851	1.85639806526163	-5.22777356719575	2.85465382229835	0.30011722912038	5.94663802652816	-0.208276399451631	-5.54023699444994	2.80235590358756	0.398320336286226	0.152939461837322	0.607005480922722	0.219894084647222	0.673008482098928
1370	-3.73200288530298	-3.92240598312421	-3.60588052057171	0.691583616094497	4.56605657212727	-7.87093646051981	11.7242804075749	0.691337910709051	13.3422311581637	0.138634241430464	-3.16674185653251	4.74078992006952	0.420515897092343	0.308868877413811	0.712922023390727	0.382972381383183	0.774089180296433
819	-2.98166473744214	-3.13383909168971	-2.7829467759196	0.1186952384701	3.43763264124414	-7.50849921458033	7.53413050618322	0.529509462460458	9.83733857068072	0.0274352213700357	-4.59770204365971	3.99428669693918	0.484503099431809	0.765839408082165	0.93212936299495	0.785255443707926	0.947079875925647
129	-1.65927772834248	-1.68607887402712	-1.63164752172445	0.20354026704282	2.34510884017613	-5.94515466642294	5.58480467006294	0.334749442044772	7.26843841670937	0.0732812072943598	-4.37500728018075	5.03639256688307	0.458908218494178	0.643307759180819	0.900417495772808	0.591536406989784	0.879940618621934
133	-1.59587864502234	-1.68839360945103	-1.43822603578598	-0.122890168663403	2.4562703826588	-7.29765138021546	3.3086313177286	0.396783006501236	7.59929252399905	-0.0445825694570613	-5.54880156859125	2.81671796817423	0.476104779123992	0.294609658543883	0.715003958921956	0.805541512392051	0.954778919869646
538	-1.96155271625425	-2.14600826982454	-1.70742701782289	0.380001435164615	2.40094930070379	-3.87065428204464	6.28721333024047	0.374511361058164	7.00742794074171	0.138773191666772	-3.07063667240785	5.20982723864287	0.431313737485814	0.294165780299241	0.714231464276507	0.394040566389587	0.781020604925422
144	-6.86495631801057	-7.18092787138857	-6.4951110257376	0.782533549724623	5.72461969996176	-9.58295817180171	13.8349212310276	1.01189865684773	15.8153834844735	0.118707495667508	-2.9135961297994	4.68666842869522	0.439600000204315	0.375041884669828	0.73736501559556	0.482039633087796	0.804947767716372
143	-1.83529351448297	-1.98373175046324	-1.68513266947995	0.560364656042759	2.28528447527729	-5.82387019709526	5.60033896925197	0.36488442241365	8.41514488442586	0.199677646486056	-4.25465979588586	5.31253278006972	0.397000000358549	0.412399481695823	0.787050855644021	0.210956982743091	0.668601021623756
616	-2.44489920365826	-2.53187298206181	-2.26099972725361	0.494557653640391	3.15308330299407	-6.0503791677658	8.01727436458073	0.484042643460472	9.94220358141949	0.132708147884021	-3.39736250658735	5.51298038735897	0.426914617325422	0.289756301146859	0.707787844089394	0.387190881647196	0.776023052500869
128	-2.93399888999248	-3.04221453819313	-2.85914755164413	0.405870754125139	4.95743208255948	-9.05582321087224	11.0530241896583	0.75347778076632	14.309427024067	0.0736724794607739	-3.32308470950733	4.84508121860145	0.460000000134192	0.504605822646877	0.823574557904312	0.640616027905941	0.90285193609324
126	-2.15896979311112	-2.26134254525248	-1.91801094195447	0.209294537472588	3.61631980489458	-8.05476005287847	6.77038084141651	0.513046151344767	11.1244482046633	0.050241012734373	-4.6145036019399	4.25062760594156	0.474905019080029	0.806818902965077	0.944912982237464	0.755218856966203	0.94215202934512
155	-5.0805020060447	-5.40635061055775	-4.73154984440261	0.926928244561315	5.43072575676622	-9.81523747603561	12.7505572235391	0.802610676700511	15.5492220205548	0.147493545094718	-3.30733456317524	5.30799521514911	0.418800000277998	0.320235063723124	0.711977727008044	0.331487518000749	0.733291684382334
203	-5.18988031353168	-4.72212726488063	-5.80045797603938	0.119914155928075	5.85560683945652	-10.7800335686815	12.4676204749492	0.94240620574605	16.1962680926634	0.0168180669248825	-3.67986551652621	4.1166420673756	0.492301539717719	0.694445590122266	0.904710858135649	0.780925662187843	0.945621962994533
92	-3.32430893918909	-3.54151001629849	-2.9847686522543	1.15597116623321	4.48595213136936	-8.33890275611398	10.4556303363948	0.728350475143455	13.2466692522683	0.219792939012183	-3.25226848495764	4.87886851202093	0.392600000375317	0.308457175207711	0.710338503228592	0.236752043738803	0.687143875717164
1082	-2.06894245414346	-2.11728181942291	-2.00836929010128	0.00579252304316302	1.73676598149034	-5.82394304999189	3.01441126662992	0.277309205959965	6.6474847075284	0.00329796959247945	-5.23026118995004	3.58504636519334	0.498000000006667	0.611990348426467	0.882330698306213	0.78215777670684	0.946495978755603
168	-5.41929119203191	-4.98910150172915	-5.97328914719267	-0.235001431022073	6.31522646752013	-12.2395579216161	12.213403652506	1.03599252778381	16.2014494215351	-0.0325372150539641	-3.7139817095917	3.7122421870303	0.483400000055395	0.681184890052341	0.900088788584717	0.736740317467763	0.930039990641481
114	-6.28457896006252	-6.42308317602449	-6.11885269118658	0.136581376852632	5.89596362878285	-11.8400682664337	11.3630866390545	0.952102688608659	15.2890013392997	0.0212830480069372	-3.71264781250081	3.67796556257091	0.48790241955643	0.681352782097077	0.898290724924914	0.686106936683419	0.907452272689058
170	-5.79369061608936	-6.62294993781241	-4.28161958505918	1.73890608892898	5.73576989223281	-10.3416528666245	12.6592000270267	0.963758117056649	15.5782667429309	0.275175534053189	-2.96028571659023	4.65173237886886	0.37080000046148	0.20421096249464	0.636146130394406	0.130931378298429	0.588494885155685
161	-4.66885706186924	-4.47795858635371	-4.82889318040342	0.166001103007776	5.38916545508193	-9.99470874987814	12.2009142766405	0.904107663340633	14.62130703936	0.026086315817023	-3.60468309529445	4.60999187544865	0.488302339571091	0.655711278789696	0.886381273718521	0.778904863514224	0.944812895851415
175	-2.38885139473417	-2.23870406920242	-2.50531410389081	-0.170131013123051	2.33797673898003	-6.50146634647845	4.30888367611019	0.374133829377882	7.96414977867328	-0.0615564443028695	-5.01116228413249	3.62068327487729	0.465800000114536	0.560669871638324	0.858601601061058	0.697595399810696	0.918391466168184
209	-3.74513294016211	-3.78393895478674	-3.66061604234076	0.321648070210116	4.35844117142043	-9.44444134293442	9.99306694383572	0.651097022662387	13.9144261784431	0.0635385057952269	-3.92567917761138	4.65422155357646	0.465600000115212	0.622615596896734	0.875470365772411	0.619649252040817	0.887743331302429
183	-2.61175466906375	-2.41923110502216	-2.81869527994124	-0.746340705567488	2.95900692752062	-7.58733775930641	4.00557963886805	0.501933279674808	8.03212128510713	-0.228091669225873	-5.31598777493853	2.45686222396166	0.395120976170379	0.0913963717791166	0.567450652959011	0.198392551375001	0.657386079198529
160	-3.20317016380246	-3.64858148772064	-2.75406212410761	0.970877243296162	2.67161093976857	-3.61501065016188	6.89262613192238	0.471408940218446	7.32961922478788	0.32483309252549	-2.1571132257912	5.2794199700931	0.346930614439995	0.0466496346603758	0.516494519207777	0.0707481464831351	0.534979865037884
634	-4.43290828086068	-4.65586752516242	-4.11379902966864	0.555884385140079	4.60374388411404	-8.80374988703779	10.6760542365199	0.791783083317594	13.8645517880951	0.101554258683074	-3.59847043807035	4.4363070010317	0.447400000177296	0.526390148791287	0.830531124739683	0.519443622011596	0.840111946265236
162	-3.6729479243126	-3.92711147327158	-2.97675885072255	1.09710856172712	3.96907998726515	-7.83505744119484	9.87529962501947	0.626094090122192	12.8915623131646	0.245741520948577	-3.45651559626639	5.33153644319546	0.379324135599929	0.224422430695205	0.654953925821334	0.160128370388996	0.628852391385336
1477	-5.43869941045984	-6.05654482561711	-5.00411067644508	0.550706855514574	4.03310389341584	-8.10612716692005	8.46263387546676	0.711464202139982	11.761860634665	0.117312133434266	-3.45181995439729	4.38711881420359	0.447710458084574	0.541735723987939	0.83416793205411	0.503704954011833	0.825221857944648
184	-4.76482251072944	-4.65427282038221	-4.92902867667612	0.304485038878728	4.64895333144995	-9.30004067963289	10.0606579366955	0.74951900149027	14.1236022241655	0.0550655802222807	-3.66640795935512	4.57219828628206	0.4718000000943	0.647680969139128	0.886042067324417	0.718140719619973	0.923166697984468
207	-6.31655559099515	-6.7476908119878	-5.78660199756562	0.622910978181137	4.67067327943695	-10.8507084626065	10.0557146403314	0.774923445496791	14.5304337072059	0.116092915078156	-3.94105826820273	4.27318956997412	0.440511897821537	0.585617025940805	0.853863333391502	0.488824232214902	0.811677704076643
1046	-6.50726652570949	-6.73505927022673	-6.25836621645697	0.568040969513746	5.09829902785287	-11.6213653869469	10.5388902883209	0.949220328768215	15.1232527525686	0.0930838260603881	-3.81966034480527	3.78426751676849	0.449800000169038	0.600059058519802	0.861281961310966	0.538741809420629	0.840621599800442
261	-3.56743905279704	-3.55880747801126	-3.58047550957384	-0.190038824886123	3.07893483851527	-7.83926638906889	6.90980254497455	0.467469691212152	10.3563453259815	-0.0505068488520488	-5.26351390868988	4.11783721274915	0.467200000109806	0.550466330114747	0.850719021275584	0.668496917995662	0.901854781303857
268	-7.21408048412295	-7.42258717030446	-6.97193744826162	0.392352489658278	4.82389211481764	-11.6334912897049	10.1553158181128	0.860471605438336	15.0073087911553	0.0674459778972429	-4.39907414306698	3.9502343610245	0.464400000119271	0.602863313066776	0.860519860999464	0.581668702076025	0.854185620507432
