rab.all	rab.win.Healthy	rab.win.NAFLD	diff.btw	diff.win	diff.btw.025	diff.btw.975	diff.win.025	diff.win.975	effect	effect.025	effect.975	overlap	we.ep	we.eBH	wi.ep	wi.eBH
Acidaminococcus	-3.18022995881663	-3.18482569581167	-3.16990965965532	-0.308160729453217	3.55012588191958	-8.54530756492638	5.20355500140077	0.438742734510003	9.47507847846376	-0.0786617066738721	-6.16626621653345	3.15684703982904	0.455000000151225	0.155433640073842	0.551667238963193	0.518796205951223	0.745351605288343
Adlercreutzia	-1.1482439616693	-1.36995576975454	-1.05111737207508	0.381176437892164	1.86515776822287	-3.04026424923971	3.93614192113721	0.293118049194692	4.32515899424494	0.198356913937062	-3.12307016415656	4.61372224301955	0.415516896910446	0.22322360941124	0.633326769963572	0.224713028270645	0.502818413160604
Akkermansia	1.85336510661369	2.10057775856201	1.77063091987009	-0.273694705207153	1.16678562838207	-2.61462151325337	2.01521841168559	0.176153634033051	2.99094264193671	-0.212778003976632	-4.59993840346576	3.17610259109551	0.396800000359307	0.198174026152324	0.62909959171996	0.125842625994976	0.462010159696435
Alistipes	-0.237654257780567	0.226059520954065	-0.498391000822555	-0.515287425771271	1.93495532393997	-3.80262500032659	3.62195096592882	0.310204737804764	4.7522483009438	-0.245638662056295	-4.31675666219023	3.55442135688499	0.396920616235531	0.290677823878275	0.660413670118725	0.164003139165291	0.47190880783342
Alloprevotella	-0.981851623039204	-1.29971631235703	-0.656435949314744	0.5875190596586	1.08029466539459	-1.47550058424459	2.39442002289827	0.189221554947909	2.42826892634794	0.518741437901971	-1.9828058214721	5.27854237965365	0.285142972283756	0.0030407189829114	0.131709298709297	0.00342695862537968	0.115150038036416
Anaerostipes	1.37951515525831	1.79057662124298	1.30951196358825	0.0194769048446672	1.89083007558209	-2.86266063000323	3.67919396899675	0.294984293992125	4.27738401736839	0.0104499513984828	-3.29413668246529	4.34304369905812	0.496000000013334	0.702991756239214	0.884245180853511	0.929046496919825	0.952160114757155
Bacteroides	3.60734452720612	3.7772074776588	3.50022323721778	-0.208112906087773	0.905748337789512	-1.83956633988883	1.67971004873003	0.151660808531367	2.21171682217612	-0.214799940302294	-4.17182466489823	3.11988848171891	0.394200000369197	0.234161736409901	0.644337001881974	0.14034029390736	0.465108342837998
Barnesiella	-3.11727618433298	-2.95958711486722	-3.21028078727873	-0.230800725227947	2.60275322474997	-6.29617430314109	4.13234591844525	0.402866028310526	7.3699444345001	-0.0860591393707767	-4.95811248416907	3.07567990793136	0.457908418457587	0.361501624881558	0.696913908163127	0.568348803206692	0.775399422653695
Bifidobacterium	1.16763556826544	1.44111183532849	1.04313938731307	-0.318154311996284	1.53819242625479	-3.15045731026857	2.69030126071309	0.255635915972922	3.71372849103187	-0.187231772933144	-4.07879107988396	3.24690495269768	0.409518096692417	0.323487834567391	0.671229406095084	0.214053493646869	0.495315599498455
Blautia	4.49504718786226	4.51527195881572	4.46762982174673	-0.0781863705798189	0.822781192794429	-1.52931721730532	1.55487143892456	0.134229980866159	1.94468274541747	-0.0899929104239634	-3.86348571954358	3.40171109151743	0.454200000153958	0.623959195926057	0.848982865540694	0.534252792713712	0.759417818202872
Catenibacterium	-1.96178744157838	-2.26832528133983	-1.80772052231716	0.492203134631591	2.18894127215594	-3.88770056538895	5.11166363097059	0.330029618071398	5.47811105797249	0.208224126830218	-3.34931937815648	4.8166947507148	0.39652069622105	0.266296441340714	0.651103982119299	0.166001644859332	0.474342837665168
Clostridium_sensu_stricto_1	-0.940553383871618	-1.16433357497891	-0.691511176452675	0.202593731532072	2.68406666318241	-5.08850373325673	4.5320797960351	0.407694981198881	5.76435395947343	0.0710090555233212	-3.89598059912077	3.71207073993405	0.467200000109806	0.917273330024179	0.942708373237733	0.682099234984427	0.84386845461068
Coprococcus	1.83706984575375	1.98604999777861	1.80512157745489	-0.0603330863693952	1.49734879445753	-2.7692337997922	2.66285572407152	0.186362645552954	3.35300504591923	-0.03627775929409	-4.50050880475324	3.80590051988544	0.485502899468461	0.849463733317622	0.921469869570544	0.87880386901244	0.928988455502684
Desulfovibrio	-3.84226990611036	-4.268609659179	-3.55838740639884	0.577579239315565	3.55206067763389	-6.78570826659349	6.83133890858411	0.597143013847602	8.9390512770357	0.146618383168416	-3.40838298009437	4.07902121381431	0.434000000223901	0.514723123156242	0.784163297463469	0.361690736135825	0.620024053245604
Dialister	1.32974293359633	1.35023077614532	1.30592997109074	0.13278172615214	1.41775874227871	-2.29251453531283	3.0529859813287	0.233329885655385	3.47004184354601	0.0912082982104944	-3.20803402254134	4.136575449417	0.456800000145083	0.428755948838919	0.738915798721668	0.575437821806907	0.786452988372907
Dorea	2.96664893179638	2.89276876721581	3.00633277946674	0.0462879626594916	0.944652856604407	-1.94009952776934	2.01650107956978	0.131971318372526	2.52281063690577	0.0434937072932539	-3.8420315756652	4.30071097455949	0.473505299028741	0.819398084847348	0.913817930142696	0.718451371091554	0.859105595314107
Eggerthella	-2.18551321709124	-2.33470167115345	-1.9406021577638	0.659967729410406	2.21351046454937	-6.17185109302138	4.30607785209746	0.330356457188027	7.37026417757259	0.228401918360017	-5.15872391772649	4.76916892522017	0.382800000413379	0.602078851842741	0.84263740306527	0.115717607247902	0.460432725512423
Escherichia-Shigella	0.190829315841422	0.333791544161118	0.13211203976039	-0.249328481260287	1.29262086696584	-2.49779157665843	2.2244038996408	0.214586039022829	3.11699978265592	-0.176789179433509	-4.01191608060452	3.01742429123319	0.422000000266485	0.346589956355336	0.68362590684969	0.307933409650177	0.568155755968358
Faecalibacterium	3.20251448183725	3.46629012315682	3.10497291731554	-0.30194335726864	1.32225195581095	-2.61936611796388	2.19357872996823	0.171538980649339	3.27641131923401	-0.218147712484104	-4.75494975208147	3.52085547387902	0.405600000326298	0.335487710366971	0.675255120983196	0.18150509645985	0.478426125764547
Haemophilus	-2.59990790263139	-2.60992624137862	-2.59166250686704	0.124569368113136	2.0079323785553	-5.31786682794305	3.34560100977753	0.348210059226863	6.40348659894228	0.052741737453614	-4.71835189836404	3.3979958094384	0.472800000090936	0.705593829246573	0.876224490786169	0.704354338856597	0.848571730779032
Incertae_Sedis	4.88117518283853	4.95552516318332	4.71704802578689	-0.239139047884838	0.788550841376307	-2.04671599805098	1.22585601810176	0.123622159286234	2.07680392403548	-0.26473891673528	-5.47435422925681	2.68540475682847	0.37592481547754	0.0714333521110355	0.435685727729622	0.100678659462551	0.4591307534001
Intestinimonas	-0.52851491153412	-0.684414006458372	-0.474418400908045	0.361377427666232	1.54233379643405	-2.10937633855002	3.31231026065216	0.24330985030495	3.21835154038919	0.231447447841136	-2.52828918702783	4.90987254663606	0.399120176315202	0.0813306763870998	0.442522749421713	0.158420244040763	0.471494133225511
Lachnospira	-0.0898723050242332	-0.130935451341248	-0.0889300655730354	0.0036320526018363	2.34424871047788	-3.94596795571263	4.46787644913928	0.393910292099464	5.51050251202189	0.00163663463873507	-3.41739575707315	3.8051149492375	0.499600000001334	0.857160854310462	0.921679806794913	0.941230492257392	0.957730149242083
Lactobacillus	-0.222047875802913	-0.101361603088771	-0.222162737263492	-0.169123512324067	1.81110817849538	-3.38937760311081	3.0177965769161	0.306935342623631	3.81030454104473	-0.0871349469313445	-4.01064739945783	3.32899265120798	0.464000000120626	0.492253202547676	0.780461593113157	0.679869480519963	0.842247550097438
Marvinbryantia	-5.2011179547953	-5.01315918931008	-5.29229857942171	-0.559742047193228	2.93365385560424	-7.84972871397438	4.0255432409503	0.52202956631366	8.52478762788582	-0.175625016847815	-5.0377498289856	2.59295299059937	0.417400000283058	0.103757125309035	0.469943534249323	0.245576860257907	0.529354521570579
Megamonas	-0.795109001715347	-1.57554245573861	-0.225881082968416	1.21127245770465	2.98922539560992	-4.96674116666872	6.85867667458146	0.517133323510359	7.19985806970977	0.378186493942193	-2.72323777806084	4.86940476701598	0.335400000615355	0.0393041378930934	0.400806774171835	0.0310374415947726	0.40917352580553
Megasphaera	-1.54278031749002	-1.67845613036499	-1.4557310573382	0.14937324026725	2.06365533497399	-3.61338894759426	4.34968117513957	0.346418284400397	5.09592511044535	0.0652549485666287	-3.67796617430444	3.89460206422605	0.46910617886758	0.794987716401733	0.905631294200448	0.797776046329152	0.893503716179638
Methanobrevibacter	-2.5716787503478	-3.00849826692565	-2.08249783094624	0.633582377671224	3.41415331339573	-6.45626219241741	7.5348521125495	0.584287905681751	9.10145718342601	0.165441261525953	-3.30806263273475	4.29686433587723	0.417000000284507	0.445502494898195	0.746079736359936	0.265050657527209	0.532224520865137
Methanosphaera	-1.07700411453107	-1.4108127375343	-0.981407205847521	0.0198313925679776	1.80831618144277	-3.31876344523568	3.17829976838396	0.249667342722254	4.59356914067968	0.00866892260925964	-4.3683787359599	3.99452273716664	0.49570085984236	0.937955130875221	0.953082218784196	0.859013514398939	0.921100236896671
Odoribacter	-2.15333792971568	-2.51363277961678	-1.69922872848138	0.919821205661272	1.9316914299967	-3.56018752632304	4.90635343208644	0.306479077028441	5.46103825207431	0.423176223363943	-2.7934286899333	5.40578369084387	0.297600000806885	0.0178469994473628	0.33219236345475	0.00680267948449039	0.154042366612855
Oscillibacter	0.190438517558653	0.376781636730446	0.153777102616224	0.122696685376185	2.02909518503132	-3.17482715926419	3.86105428218272	0.336148131878943	4.43990330360525	0.0588825019197087	-3.35683358442679	3.98765392189677	0.479304139241242	0.699407660850101	0.882584187500764	0.779257550183963	0.887314263513476
Parabacteroides	-2.98920043510956	-3.25563067751225	-2.70071676500941	0.621000043058389	3.84733198722522	-8.13111963914942	8.01521370585881	0.545870583808762	10.7497552231548	0.1421287623453	-4.04774448820972	4.61640954585951	0.419716057063228	0.546137203799342	0.80210517472309	0.236784758107983	0.512487588391584
Parasutterella	-4.33102144748819	-4.97513802443335	-4.00373764538833	0.78372670509872	3.76394091472908	-8.66788721589162	8.42938994706837	0.518051311331119	10.8678942204391	0.170487674560206	-4.5138528458598	4.55220561042739	0.402400000338221	0.628656249610451	0.840606871932045	0.163993521085009	0.47498342476838
Phascolarctobacterium	1.08170829622596	0.954837642059929	1.18489186945659	0.117600320210034	1.03158978569974	-3.68039058754571	1.80507555198092	0.168632541736874	4.13388201769527	0.0913159610236417	-5.42765510700018	3.88551096932393	0.447400000177296	0.670250461030419	0.86774711374769	0.486451079212915	0.727448648193816
Prevotella	1.29305936907216	1.84419279378364	1.15119019187882	-0.573602079402365	1.46179945907045	-2.95614407042883	2.24185690362552	0.216010013771813	3.48545046650336	-0.351825439751773	-5.49886891394178	2.89167615383677	0.364727055075408	0.0764915925663515	0.436005382787438	0.0674624779993613	0.456799421340987
Pseudobutyrivibrio	3.87871430421813	3.99879509189153	3.83733017189723	-0.0540503680513043	1.15721704678121	-2.01080459706878	2.30849408257052	0.187991436399337	2.82060165227483	-0.0473480661082057	-3.62764840036908	3.83576952059528	0.478304339204599	0.85546387790765	0.920438884779755	0.807380033191071	0.900001472401825
Roseburia	1.64330820364646	1.8922915633044	1.49686115825554	-0.229905520364486	1.2715108809171	-2.50510444087865	2.06087152620208	0.194845266628347	2.89815057724892	-0.166241860860053	-4.27786567507505	2.900347465456	0.426714657318134	0.305073335463847	0.665660598790079	0.341592240724145	0.599386797026858
Ruminococcus	2.63322007521662	2.9394044707606	2.55328497603161	-0.271935381445346	1.3497483937072	-2.75264419484081	2.30003965759999	0.2148117764866	3.21120509558967	-0.196226682319448	-4.24671286887344	3.11183963095233	0.415200000291038	0.241578900042246	0.646291629828353	0.262789915499477	0.529196752208773
Streptococcus	2.39544384648679	2.59281890134529	2.1869291066822	-0.32787113917653	1.05772687203573	-2.50869382419122	1.64101241696374	0.162839322755984	2.64585243830461	-0.279110895889328	-5.00148194344569	2.83209249962166	0.375724855470344	0.0915712638916538	0.446736614743262	0.0978673491646461	0.459239029667715
Subdoligranulum	2.28723004805605	2.42642966092429	2.2250644115593	-0.243134985601741	2.14759914368347	-4.26960160510823	3.377751793286	0.387197331678481	4.8771035132061	-0.115811256387906	-4.10979334980283	3.03734443472242	0.442600000193889	0.460529789554446	0.76181762545413	0.486496796466733	0.734746570471037
Succiniclasticum	-4.12553048735755	-4.3722089553578	-3.8745389401697	0.254663124511491	2.65310676396364	-6.84349776632906	4.68639669400363	0.397926241590658	7.70241145792088	0.0792899711479216	-5.04613799271408	3.94357983363748	0.456200000147129	0.799928347270092	0.906167041107707	0.558926742695963	0.761835612657798
Sutterella	-3.76227474305823	-4.02155408951402	-3.59800187504025	0.496469876533316	2.92033662471634	-4.3376424593149	7.72763887852622	0.469405347188997	8.64037941602037	0.156686202728202	-2.72758502074638	5.59804531874859	0.417716456990459	0.125989328601756	0.504521487594188	0.226736672550905	0.507468518261343
unclassified	4.51968592096907	4.69353073373453	4.39186077146607	-0.252781550437971	0.727604562262932	-1.83848674250345	1.00584103868196	0.108589910592293	1.75022745901012	-0.317146389213164	-5.43991849598377	2.52345022585157	0.355400000525992	0.0298616970078343	0.381701339523563	0.0497852859763033	0.446384218011229
Veillonella	-2.24135385926963	-1.30541932796737	-2.43945616654462	-0.802690500587587	2.50767987850277	-4.95924984661754	3.98318244137438	0.383491064482427	5.60660917530806	-0.303380250974153	-4.66177912097664	2.82812400071978	0.379324135599929	0.109265262751348	0.479564131970336	0.102905839222008	0.459284738140445
