#metadata here
#OTU ID	593_HL	598_LL	885_HL	509_LH	31_HH	58_LH	513_LL	38_LH	4_LL	056_LH	519_HH	884_HL	512_LL	46_HL	545_HL	035_LH	550_LL	72_HH	74_HH	879_HH	48_LL	553_LL	52_LL	548_LL	007_HH	863_HL	528_HH	508_LH	862_HL	856_HL	587_LL	541_HL	030_HH	62_LH	843_LH	522_HH	013_LH	045_HL	881_HH	574_LH
0	2720	2809	7632	2017	1487	1625	3608	2207	163	1718	1365	2602	2097	3325	2042	3388	5182	3319	3867	4347	2604	3149	5416	2094	1231	4720	3068	802	2284	1493	2777	1852	3507	2256	4867	1985	4891	1169	349	5116
1	649	1490	3533	545	539	322	1672	1526	123	1526	110	207	270	534	925	1472	483	719	405	2303	536	2671	1009	4121	859	753	4530	130	6095	6180	426	315	141	144	4442	3720	255	1198	292	2873
2	195	558	1022	1553	1095	3567	579	1281	79	1405	753	1682	2383	506	454	967	1309	888	2094	1240	1118	2032	2951	636	849	604	1479	703	2454	1226	956	535	1996	828	1453	657	2805	573	1589	1769
3	179	365	2488	1261	670	534	1145	1092	92	731	1515	1658	2133	586	964	435	2102	766	916	3351	621	3833	2032	1307	997	611	1275	1135	2536	2709	918	249	814	603	4693	998	2922	877	2821	2857
4	392	2530	633	101	807	770	7030	1638	36	293	39	154	287	679	472	419	1066	215	847	801	98	384	313	107	75	55	384	88	322	202	1115	43	31	120	228	696	185	405	223	5514
5	194	293	261	1045	688	3344	1964	551	46	1276	692	2440	364	300	182	532	93	590	923	387	275	807	632	55	467	230	486	331	168	370	1144	402	70	899	109	70	934	1152	574	126
6	165	523	166	768	39	1593	136	118	42	202	960	1226	1974	292	425	47	372	226	177	336	830	908	111	523	791	503	172	623	767	392	158	429	317	632	899	738	829	980	780	1048
7	555	166	1114	81	45	94	190	414	34	620	81	95	262	127	329	1223	211	742	307	771	1005	595	1566	1026	617	1050	624	84	201	1210	207	108	128	130	1889	959	308	201	50	1096
8	98	117	307	115	181	359	2040	635	45	440	369	176	257	253	120	1510	349	292	157	1038	490	929	3085	108	736	148	1133	174	189	541	436	431	1376	209	698	101	2208	422	89	314
9	58	122	500	313	722	1391	83	478	30	466	31	1000	848	31	157	340	753	279	470	108	292	716	301	148	419	706	1053	418	772	990	376	167	916	295	1721	66	993	320	671	148
10	207	108	419	437	381	1355	2159	373	51	823	280	744	424	281	197	396	1388	141	146	789	294	686	1514	180	536	291	160	144	509	124	675	190	567	160	823	69	605	191	1194	336
11	73	88	216	269	736	1099	108	191	22	263	113	550	113	18	178	195	175	281	543	231	466	1117	417	252	569	59	715	111	521	221	128	132	219	286	55	175	856	38	39	252
12	64	146	426	217	270	780	480	283	28	246	302	1022	499	226	298	108	460	271	395	384	145	364	310	175	109	331	501	153	964	167	96	105	443	143	400	169	327	164	296	579
13	444	302	582	113	168	139	204	189	12	283	263	498	376	469	123	308	780	428	313	307	316	307	540	259	218	575	307	90	204	178	289	112	357	198	881	246	554	170	34	680
14	21	279	341	218	14	90	510	58	14	24	253	1885	1081	318	28	87	78	363	82	17	282	153	137	138	17	147	149	242	879	76	131	25	232	537	147	425	156	476	43	85
15	125	242	69	568	44	372	54	107	27	60	551	300	337	97	570	72	448	39	439	184	488	261	171	199	83	119	190	40	152	255	195	134	203	295	509	460	266	320	259	457
16	146	195	119	520	226	686	111	365	23	77	474	315	149	106	249	106	283	122	279	158	321	173	105	161	108	63	54	23	235	218	207	36	127	269	297	481	397	507	105	506
17	97	313	60	294	65	404	93	183	7	42	630	248	459	83	379	36	65	154	257	74	375	156	58	147	243	44	87	358	166	94	452	93	77	154	229	271	224	266	241	257
18	152	438	131	348	150	356	74	264	22	52	436	291	584	125	541	72	456	177	368	80	249	244	87	254	270	93	178	338	225	117	264	176	159	200	251	321	409	432	214	456
19	301	341	202	206	117	194	315	387	209	206	342	298	355	371	198	166	252	133	180	261	280	235	194	145	144	237	196	125	255	389	455	216	236	216	371	282	233	268	274	405
20	88	75	47	267	99	102	53	297	16	59	205	51	81	30	366	54	125	17	69	142	290	218	101	44	381	187	135	217	92	348	62	212	128	109	481	272	446	245	264	312
21	17	6	19	12	3	18	19	24	15	15	19	23	556	69	6	5	22	6	24	368	17	23	25	10	14	432	21	211	34	688	11	12	17	15	1938	19	17	25	713	25
22	132	208	94	181	61	108	23	179	11	24	226	51	275	60	107	49	224	149	540	35	123	77	85	122	190	74	30	23	295	59	199	60	123	208	244	129	136	17	67	217
23	115	113	66	205	78	432	36	187	17	29	190	61	186	44	53	86	41	149	131	20	166	130	142	158	104	15	32	147	116	121	311	91	29	140	283	227	176	177	33	453
24	46	93	73	161	53	221	74	72	20	26	199	189	183	83	272	47	67	138	123	30	141	127	75	102	111	54	52	87	97	94	166	167	78	159	76	196	151	188	106	296
25	108	229	73	282	61	23	42	120	14	31	16	372	19	179	59	17	434	32	29	20	77	48	157	57	23	64	32	324	319	19	100	24	309	288	140	163	30	137	27	101
26	179	123	66	71	56	62	31	54	10	18	290	44	18	39	252	98	133	153	637	31	78	141	22	42	55	13	16	62	125	83	240	130	74	157	20	156	297	126	36	421
27	68	199	45	206	44	171	22	131	10	34	292	170	163	54	156	33	142	59	158	40	182	96	114	63	74	75	112	139	145	62	232	135	62	151	65	157	120	269	89	321
28	63	155	51	160	28	174	14	79	13	24	192	172	104	48	240	16	95	92	189	26	80	30	91	115	72	18	49	76	234	53	129	105	70	170	174	418	127	68	70	228
29	141	10	142	17	4	14	10	17	10	21	209	52	21	119	51	20	10	7	14	89	401	27	9	92	5	374	111	51	124	24	176	15	16	18	71	416	304	624	182	20
30	93	193	67	135	99	223	109	163	16	107	391	35	227	143	237	31	220	15	13	47	147	52	62	89	165	49	64	126	33	35	190	101	84	17	248	49	126	373	69	217
31	15	80	110	21	88	163	170	57	2	43	24	266	223	58	25	19	11	11	68	196	45	94	14	18	120	72	203	14	310	27	113	95	13	9	143	12	69	147	175	115
32	35	112	115	68	56	137	47	105	1	68	25	207	225	138	128	33	16	64	137	23	86	58	42	99	79	78	23	26	180	43	133	37	98	147	136	54	66	12	39	138
33	26	50	83	105	41	241	20	93	7	54	108	230	140	3	73	31	172	74	104	66	51	79	76	27	68	66	164	36	154	43	56	56	4	17	169	35	32	11	111	53
34	68	196	5	9	63	192	8	121	9	35	11	7	11	65	5	33	9	200	246	8	289	4	82	11	113	4	17	4	15	11	218	247	10	205	9	11	158	407	17	22
35	26	11	37	39	43	86	24	67	8	66	126	50	176	19	134	15	46	9	112	44	164	122	143	35	176	4	87	87	50	106	47	39	108	29	276	115	83	45	159	93
36	67	105	100	125	34	113	76	168	22	64	67	62	124	103	28	39	109	86	242	94	44	160	130	29	27	67	52	80	135	46	92	30	40	61	95	31	49	100	74	159
37	174	135	80	201	84	31	18	70	14	16	251	262	438	18	120	20	54	78	213	34	125	73	15	98	40	110	17	189	268	48	160	101	10	183	153	117	77	12	112	16
38	90	65	164	60	55	135	177	135	62	45	78	209	181	59	103	53	185	76	139	62	70	144	108	78	84	76	144	64	133	71	66	67	67	73	135	101	128	145	76	131
39	141	127	28	96	28	131	30	83	7	26	186	64	84	37	76	23	85	54	230	14	191	46	78	22	65	42	83	13	123	23	139	75	52	109	71	73	60	101	69	118
40	27	93	70	98	38	362	59	99	13	121	154	109	58	190	36	96	95	22	22	30	58	45	53	24	134	58	83	51	53	19	71	50	8	27	35	65	57	360	23	207
41	14	271	79	63	12	77	38	255	3	11	10	94	66	21	29	23	128	46	118	71	166	77	36	123	492	38	19	566	684	50	75	62	37	36	119	20	141	90	229	40
42	95	65	107	103	62	167	94	140	88	101	79	149	137	95	49	49	155	68	141	90	112	142	137	63	77	63	74	64	118	77	107	65	68	125	109	62	84	150	86	106
43	7	8	98	28	34	123	3	41	4	48	82	70	7	9	9	30	21	11	69	179	4	75	4	25	18	21	30	72	161	160	24	7	7	4	213	21	167	3	266	46
44	49	19	243	33	56	43	85	104	65	53	70	67	156	40	26	36	135	22	76	32	69	107	115	21	18	26	63	39	50	16	33	35	42	15	78	39	121	132	29	72
45	38	101	73	110	10	28	12	128	5	27	176	99	154	16	156	14	118	8	56	46	43	87	77	44	140	60	70	77	79	125	57	70	61	11	110	95	204	95	64	102
46	41	24	52	162	7	11	11	13	5	15	61	159	72	10	134	10	39	57	115	37	10	93	12	65	34	2	11	34	9	54	12	109	61	112	10	28	72	104	77	179
47	141	129	130	161	84	131	105	159	84	104	157	171	195	141	132	99	179	129	177	154	149	186	156	149	157	140	174	113	267	135	169	172	114	142	158	115	138	191	261	178
48	201	146	185	122	83	99	156	209	127	122	112	139	116	205	105	65	190	68	126	156	150	145	94	85	76	84	140	55	241	130	245	139	141	112	123	187	130	161	212	251
49	22	34	54	38	15	56	97	48	35	35	23	96	46	34	39	47	44	25	88	54	61	122	50	32	30	20	49	26	86	32	55	38	62	43	54	49	103	95	39	94
50	33	23	16	106	9	66	10	27	5	13	66	40	17	18	124	11	26	58	151	33	128	16	85	53	73	10	19	52	25	120	57	25	24	32	195	180	73	32	110	137
51	34	72	20	52	18	62	10	76	6	16	196	40	94	25	63	17	76	14	36	14	128	52	30	19	57	16	53	46	43	24	56	50	44	56	67	77	56	111	76	65
52	6	1	34	14	1	7	12	6	5	4	6	14	80	2	14	1	17	2	4	79	1	59	6	38	0	105	76	25	17	141	6	6	38	4	420	15	3	3	251	31
53	9	35	6	6	7	10	8	5	2	6	11	3	101	7	6	11	10	4	7	6	166	111	130	20	137	27	29	26	15	134	15	112	37	4	78	9	23	15	10	96
54	30	54	23	20	24	57	35	29	0	18	78	87	62	41	47	14	116	25	23	5	35	19	32	23	25	21	26	51	67	17	50	31	36	37	37	53	33	60	33	60
55	66	44	42	105	48	34	35	84	60	41	35	96	32	86	21	33	58	20	111	41	67	33	49	28	24	32	25	29	53	70	81	42	63	42	53	48	61	55	63	61
56	9	31	16	27	15	62	10	19	5	5	17	19	23	15	11	13	20	26	100	14	55	19	31	30	55	5	13	22	33	15	56	19	14	106	38	33	36	126	26	44
57	29	59	22	109	21	78	13	34	1	14	48	59	47	39	51	20	12	24	48	12	22	5	15	16	54	9	9	22	29	8	27	32	20	45	29	21	36	75	33	62
58	9	21	26	38	11	87	23	22	4	42	104	36	71	22	16	7	26	9	29	21	53	27	20	35	14	22	66	34	25	15	29	38	15	18	31	22	41	51	20	33
59	17	18	13	31	34	79	14	53	4	11	9	14	9	7	184	9	18	25	28	58	140	68	10	45	62	7	8	2	16	100	24	11	12	24	43	39	118	26	90	251
60	78	72	10	55	18	18	37	31	32	50	97	36	90	53	47	51	37	18	41	49	50	30	30	44	67	45	28	47	21	49	86	69	73	41	23	57	38	31	51	36
61	62	50	56	78	57	79	39	65	57	40	74	72	58	61	42	53	64	87	92	58	62	66	35	63	72	53	60	38	78	68	50	59	66	66	50	57	39	38	77	44
62	29	31	39	57	46	50	63	50	34	49	29	65	49	38	35	32	42	40	70	30	38	48	73	62	37	25	57	63	81	35	35	44	25	33	48	39	25	67	42	51
63	53	33	48	43	32	75	47	58	54	33	40	60	36	43	30	43	66	46	53	32	40	46	47	33	56	33	53	29	53	37	25	29	36	48	43	36	34	69	45	40
64	44	29	33	42	27	45	43	61	40	42	42	67	53	48	30	46	61	16	54	55	46	46	55	36	26	23	51	29	47	41	53	48	56	31	54	45	56	63	39	70
65	2	3	52	18	32	121	31	46	2	37	25	88	7	29	6	33	19	27	53	17	1	43	2	0	0	11	36	3	37	36	25	23	19	5	70	37	9	69	4	18
66	16	12	25	19	12	32	29	29	13	14	20	44	40	17	11	24	38	7	36	55	17	74	44	13	31	15	39	7	33	26	18	35	26	25	42	21	54	38	13	33
67	18	39	22	4	1	194	4	52	3	14	2	10	6	5	2	25	9	2	7	8	229	7	121	19	18	1	265	4	13	8	31	50	0	59	10	2	76	220	7	6
68	36	43	23	21	39	44	30	28	38	36	33	34	34	34	21	36	51	45	35	35	41	31	48	36	47	45	46	33	40	20	31	41	36	43	27	18	52	38	29	51
69	18	111	5	22	55	5	13	9	5	12	15	4	1	11	85	67	18	94	23	19	11	14	11	66	64	85	1	92	8	12	20	9	8	13	9	15	4	9	11	3
70	13	10	5	12	6	54	5	17	2	8	23	4	19	6	9	0	11	10	15	9	29	20	24	8	7	12	13	153	7	45	19	5	5	11	126	39	38	25	57	30
71	33	1	37	63	1	14	11	33	22	71	35	34	17	98	1	5	14	0	21	38	43	10	29	17	6	0	70	5	14	56	55	180	75	23	26	34	38	11	42	14
72	2	14	3	13	40	5	10	34	3	5	12	6	24	0	16	26	4	22	29	3	3	10	3	20	22	129	6	23	398	4	1	3	0	2	236	2	4	3	3	6
73	19	8	54	23	5	29	45	47	18	21	31	45	38	22	17	7	29	8	31	32	27	37	34	4	5	13	20	5	40	20	22	13	15	18	49	30	22	34	36	34
74	12	1	4	3	0	151	11	49	3	30	2	6	6	9	0	1	2	10	65	0	72	9	44	0	5	12	5	0	18	3	1	0	7	1	2	2	36	265	3	9
75	7	38	6	29	5	11	5	11	2	10	74	28	51	16	24	3	20	8	25	11	46	16	20	11	17	55	34	54	17	3	8	27	13	36	16	14	8	5	11	21
76	28	25	41	30	15	53	32	26	22	22	44	43	45	18	25	15	30	30	35	29	29	51	38	13	23	19	23	14	63	32	39	25	29	36	37	28	41	30	60	49
77	8	2	9	35	9	12	7	35	1	4	21	1	14	7	18	4	8	11	9	3	62	9	27	11	72	5	8	26	7	39	11	53	2	14	5	1	93	69	7	36
78	17	33	13	25	42	23	12	12	33	34	19	19	11	13	41	34	6	32	14	14	13	7	38	56	54	40	44	61	13	11	21	46	15	16	14	14	15	17	15	15
79	81	45	54	30	17	83	102	56	31	108	31	73	54	51	77	20	90	37	33	75	50	81	100	37	34	19	57	62	88	22	49	55	27	65	26	95	42	77	96	50
80	22	20	14	23	18	44	8	24	0	16	110	33	41	15	43	8	27	25	66	13	79	24	35	48	70	18	36	51	27	34	17	76	51	40	57	23	44	69	32	49
81	13	67	26	8	41	15	9	25	14	19	20	23	38	11	24	26	34	18	21	9	6	18	36	27	42	16	11	48	29	13	29	1	8	0	16	2	28	18	7	51
82	77	8	4	11	2	4	3	1	3	1	4	4	175	1	116	1	33	3	5	2	3	4	8	31	1	2	63	1	5	43	10	3	2	2	27	6	4	1	7	48
83	1	0	16	29	4	2	4	35	1	1	78	50	34	2	36	7	31	47	32	10	26	8	17	19	1	2	1	31	28	2	5	0	4	43	2	17	7	1	10	5
84	100	14	0	18	24	2	19	8	2	3	23	0	7	116	8	31	2	18	67	3	2	3	1	1	2	1	7	4	16	8	20	3	8	2	12	4	13	5	50	10
85	38	19	32	10	43	40	41	32	27	19	12	45	26	21	18	28	76	18	22	16	22	29	23	25	32	23	22	20	26	18	17	13	22	21	25	18	39	50	18	33
86	24	12	66	23	27	24	281	22	7	16	13	53	29	13	52	19	47	8	13	30	12	43	15	42	9	11	39	13	90	52	16	16	14	16	48	75	17	9	16	116
87	31	15	27	15	8	37	27	23	28	14	20	28	28	13	9	14	37	13	21	31	17	36	20	19	14	9	45	11	34	19	27	30	24	19	26	18	22	34	23	21
88	16	6	57	6	5	23	42	30	11	7	21	12	19	16	11	5	22	5	19	21	12	28	16	8	13	3	24	7	32	11	26	15	11	6	15	29	18	30	22	44
89	16	20	30	14	18	44	47	35	16	14	12	45	54	13	14	26	43	25	43	16	18	43	34	19	24	30	45	14	44	26	28	36	19	19	38	12	39	29	16	67
90	30	16	65	18	24	58	51	64	35	8	24	69	55	23	18	27	64	23	65	19	14	62	37	34	28	31	55	11	52	27	22	29	27	11	58	15	51	33	37	38
91	7	17	22	106	10	4	7	31	0	0	167	94	15	2	3	27	16	0	11	14	2	32	3	16	9	2	32	15	6	31	14	80	4	12	57	38	51	4	10	6
92	21	8	13	6	32	50	38	32	1	0	18	22	24	10	2	0	23	20	15	14	0	1	29	10	18	41	2	13	14	23	21	6	1	15	59	13	28	1	24	9
93	36	27	18	10	18	11	31	19	24	25	43	40	20	32	28	30	18	38	7	55	32	29	7	28	26	18	15	18	20	13	32	28	27	31	10	36	15	19	37	21
94	3	8	1	17	1	28	3	9	0	0	6	20	21	7	17	1	2	6	43	0	18	4	4	0	4	1	3	12	21	2	14	34	8	3	7	3	108	8	21	19
95	45	29	20	25	29	55	30	46	50	25	42	31	43	42	22	18	40	29	29	35	34	54	35	20	19	26	43	19	56	40	42	31	28	51	51	35	26	37	48	38
96	32	23	13	65	25	44	37	35	43	37	32	23	25	42	17	16	31	32	46	39	44	22	29	17	23	22	29	22	32	36	32	38	32	53	16	44	19	24	43	18
97	8	16	17	3	0	4	2	13	1	2	2	52	3	22	1	1	0	0	4	3	2	22	1	3	0	0	56	6	9	4	35	2	1	28	3	2	10	129	11	2
98	54	49	48	19	14	11	41	23	11	26	39	90	53	18	33	21	48	13	21	42	12	39	30	14	8	32	32	17	50	53	68	23	32	20	47	30	25	21	64	60
99	0	10	0	121	0	72	1	11	4	5	1	0	0	6	30	0	1	1	13	5	8	3	0	1	3	2	0	1	2	33	1	3	4	1	4	63	8	4	3	34
100	18	14	17	15	10	10	20	24	11	26	34	15	16	18	16	9	11	14	11	42	18	44	11	6	8	17	11	10	23	25	28	9	15	25	13	32	15	16	28	17
101	17	57	3	7	0	30	1	4	0	24	3	1	1	40	1	0	2	0	4	3	14	1	0	1	18	11	22	4	15	6	40	12	0	0	23	3	1	68	2	27
102	16	23	7	19	4	15	3	26	0	5	26	1	15	9	27	3	5	8	11	11	10	2	9	21	25	7	7	16	4	4	16	0	5	3	6	21	25	7	8	12
103	12	46	2	1	14	68	1	6	0	11	2	4	7	16	9	0	11	3	3	3	17	9	2	3	14	51	4	1	15	5	11	2	23	24	15	2	20	41	8	67
104	0	12	15	1	7	6	17	3	1	2	1	8	49	4	6	2	28	14	44	4	3	8	0	10	2	9	3	3	85	61	9	0	1	1	27	14	5	1	3	26
105	28	3	9	5	30	36	34	25	1	0	11	21	21	7	2	0	15	22	11	10	2	1	29	8	14	26	1	6	7	15	8	6	0	7	51	2	24	1	13	5
106	0	40	2	3	2	64	2	36	2	18	3	0	1	39	1	0	2	25	21	1	20	2	17	0	7	6	2	2	1	2	22	5	14	2	0	0	15	15	0	2
107	4	3	15	12	4	38	10	9	1	10	14	19	23	4	9	1	23	4	10	5	21	8	13	4	7	5	19	14	5	16	4	4	9	7	24	3	7	54	9	3
108	5	0	3	19	5	31	1	14	0	3	19	0	19	1	9	0	2	5	24	2	10	4	16	3	14	2	14	11	6	0	1	10	2	0	21	7	1	67	7	14
109	14	13	0	5	0	26	1	3	0	5	0	4	16	14	4	0	0	2	28	2	3	8	1	5	32	3	4	1	19	6	57	4	2	47	13	3	19	25	2	0
110	9	11	11	22	12	23	12	6	14	18	12	22	18	11	15	16	20	15	29	14	22	23	26	10	18	18	14	12	34	16	18	5	17	14	28	21	20	30	19	34
111	4	9	3	5	7	6	2	7	1	4	30	10	9	7	12	3	9	1	14	0	12	7	1	5	23	4	3	15	10	3	13	9	8	10	8	5	10	30	9	19
112	3	27	4	61	34	5	2	6	5	12	4	27	5	4	32	38	3	38	73	10	7	10	5	33	34	36	5	32	2	11	8	6	4	10	10	4	6	9	4	7
113	3	6	6	6	4	23	1	10	1	2	3	2	6	4	9	2	1	6	1	7	30	2	28	7	19	18	8	8	5	14	6	2	6	0	31	15	20	0	0	10
114	20	12	11	7	39	19	15	17	15	15	16	7	17	16	32	28	24	25	9	8	30	13	11	26	23	24	18	20	10	19	4	7	19	17	11	13	20	33	8	3
115	18	13	19	21	10	27	19	11	14	12	10	19	34	14	14	11	14	20	24	19	9	40	12	6	28	18	14	4	39	21	16	20	11	10	23	20	19	19	28	19
116	14	15	1	0	8	18	2	10	2	22	44	0	55	1	1	1	0	8	4	1	4	3	6	2	1	3	1	12	3	1	21	10	1	28	0	0	1	43	1	3
117	7	12	13	29	24	9	2	31	4	2	89	11	30	43	20	8	7	14	19	7	44	7	10	7	18	10	0	70	26	8	28	10	7	24	29	45	16	10	8	27
118	3	7	12	9	12	2	8	17	0	1	0	7	13	1	2	5	0	8	2	1	0	28	1	0	17	1	46	7	0	27	22	2	4	1	2	4	26	0	1	15
119	12	5	23	14	16	10	13	17	24	10	15	21	25	5	1	14	18	2	26	35	43	61	20	19	8	2	36	4	42	4	8	35	47	3	15	4	50	54	28	16
120	10	16	13	11	10	8	10	17	5	4	13	1	10	9	11	18	10	14	10	16	10	9	7	10	9	8	2	8	9	5	3	4	11	11	7	4	11	10	9	12
121	1	2	6	9	4	4	5	9	0	1	33	15	12	5	5	3	12	6	16	3	9	4	4	1	6	8	10	2	15	3	10	5	4	2	10	4	22	20	5	5
122	15	7	11	7	22	38	28	21	0	3	10	24	21	15	5	5	11	13	5	12	6	6	20	2	14	32	4	5	10	15	10	5	6	14	39	9	17	7	15	8
123	18	12	13	16	14	21	23	14	13	13	12	15	21	10	9	7	15	8	15	12	20	20	19	11	21	7	24	12	12	13	16	14	11	17	11	17	25	27	12	15
124	17	6	16	14	3	24	25	26	17	21	15	30	17	16	8	5	15	7	10	17	25	17	19	5	6	7	17	9	35	24	23	10	18	17	21	12	20	23	23	27
125	2	7	6	6	5	12	6	0	1	6	7	27	1	4	13	5	13	3	7	1	11	0	15	8	13	2	18	14	5	16	5	4	2	2	3	4	8	18	2	12
126	0	4	3	1	1	3	1	18	0	41	1	1	0	13	8	10	0	0	3	2	2	0	35	0	0	4	1	1	0	3	16	17	37	16	1	0	30	20	1	1
127	11	11	12	10	6	23	8	13	16	10	11	15	21	10	4	9	16	8	13	11	19	8	13	18	7	5	25	4	17	9	12	8	5	9	19	12	12	20	6	25
128	7	2	20	11	2	7	2	8	10	7	9	24	7	6	2	0	12	4	13	20	5	10	3	1	3	5	6	2	13	4	4	8	8	10	10	4	8	10	16	5
129	1	1	0	1	35	1	0	10	0	34	4	5	1	1	1	23	1	83	1	0	1	1	2	1	1	40	1	1	0	0	3	1	0	1	0	8	0	0	0	23
130	1	2	8	1	1	2	85	5	2	5	9	6	5	3	0	3	1	2	2	1	6	7	2	2	2	9	5	2	8	17	4	2	22	2	12	2	6	12	12	4
132	15	8	24	11	6	9	20	17	15	16	18	16	21	12	5	5	12	10	14	15	13	23	23	10	21	17	23	4	25	17	10	17	7	8	27	14	13	10	12	17
133	4	17	13	2	15	4	5	23	1	5	116	44	22	13	30	9	12	15	6	2	46	12	2	2	1	1	16	20	1	2	8	6	2	4	2	27	5	1	5	53
134	7	0	8	28	9	17	24	21	23	28	6	0	8	15	8	1	3	12	45	3	34	0	22	2	13	1	7	7	11	4	2	8	5	17	0	21	3	42	9	1
135	7	3	8	7	1	10	4	9	9	5	10	14	24	2	1	11	1	4	8	6	3	7	7	2	2	3	8	1	21	6	11	11	12	6	8	6	22	2	19	9
136	6	8	0	5	4	7	1	9	1	0	43	2	1	2	0	1	6	4	22	3	17	6	5	5	5	0	3	14	20	0	5	27	12	8	6	5	11	54	6	4
137	8	5	13	7	2	5	8	9	7	7	9	4	10	3	6	5	15	4	15	7	3	4	6	8	13	6	7	4	15	9	8	9	6	12	14	7	11	12	8	10
138	6	7	18	6	8	21	13	11	6	8	10	20	14	9	13	7	9	13	4	7	4	10	22	9	3	7	16	16	20	8	17	8	6	12	9	4	9	14	9	17
141	1	10	23	9	13	19	37	21	20	7	10	13	12	7	19	3	16	4	16	11	9	13	17	3	23	9	17	4	37	11	21	10	8	15	30	16	12	18	18	24
142	21	18	16	30	5	14	15	9	16	17	31	21	24	22	11	4	17	6	12	28	28	19	21	7	16	13	18	11	23	26	29	21	20	27	18	37	13	19	33	23
143	30	36	16	14	29	18	19	14	23	10	18	12	14	21	32	31	32	32	19	13	18	15	18	29	39	37	18	21	35	15	20	18	10	13	20	13	14	21	23	18
145	12	13	7	11	3	14	2	4	0	5	13	13	16	12	10	5	6	5	3	3	19	13	2	0	7	14	40	4	1	1	11	13	1	13	5	6	14	52	10	29
146	3	8	2	6	4	2	1	2	0	3	0	6	0	5	15	3	10	2	5	1	8	7	0	7	6	2	0	8	8	7	4	12	4	2	39	5	9	7	5	8
147	15	6	7	5	13	18	23	9	2	0	9	19	11	6	1	0	10	5	13	9	0	3	10	7	7	12	1	6	7	5	2	5	0	7	16	3	9	1	10	3
148	15	21	0	12	5	0	4	3	13	16	11	9	1	16	8	5	4	5	1	15	19	3	1	5	12	20	2	4	0	14	32	17	10	14	6	17	3	0	18	6
149	6	17	2	24	1	19	4	11	0	7	16	12	10	7	5	0	6	5	30	3	17	6	4	5	3	3	1	3	19	1	13	6	4	3	5	3	8	35	3	15
150	3	9	3	3	6	1	0	9	0	1	7	3	5	0	10	1	6	1	3	1	6	4	2	1	3	4	2	4	7	7	8	5	2	3	11	27	4	3	3	13
151	19	17	18	11	18	15	23	27	16	16	36	31	24	29	18	6	12	11	20	30	18	22	11	17	11	15	20	8	34	16	18	24	11	25	14	34	6	20	36	9
152	5	9	10	6	9	7	3	9	7	5	8	18	5	7	5	10	10	17	8	3	9	8	11	15	3	14	18	11	7	3	6	13	6	9	13	4	12	12	4	9
153	6	37	10	13	3	11	2	22	2	3	43	10	27	14	18	2	8	8	18	2	39	2	2	6	42	7	2	26	16	4	25	6	9	11	17	19	18	2	4	21
154	7	10	15	11	7	15	12	18	7	12	13	10	16	11	7	16	6	6	20	9	10	18	14	7	10	11	19	2	17	12	12	11	11	6	13	5	22	15	14	13
155	0	1	6	5	14	12	11	6	0	3	12	12	10	0	0	1	8	5	2	0	2	9	1	2	3	6	9	9	10	0	6	0	0	0	1	0	1	0	0	2
156	3	8	20	12	7	16	14	13	2	11	4	20	9	8	4	13	15	8	24	12	9	22	17	9	12	7	14	5	24	8	9	8	5	7	15	6	15	17	11	11
158	0	12	3	10	2	7	0	5	0	2	16	4	1	3	1	1	2	3	8	0	3	1	7	4	0	1	0	34	20	8	0	0	0	8	0	1	6	10	1	15
159	3	6	6	5	3	4	11	11	5	7	8	9	15	12	4	4	4	7	8	6	9	9	9	5	14	9	16	6	5	4	7	4	12	4	18	9	9	15	6	12
160	38	9	1	3	1	7	0	0	0	4	9	13	9	3	11	10	15	15	1	12	3	8	3	8	7	15	6	6	4	12	4	12	7	5	21	5	2	0	3	0
161	5	9	10	9	5	17	9	6	6	6	7	9	16	6	6	8	6	7	8	5	10	7	9	12	12	4	18	8	16	5	8	11	7	10	16	7	6	11	10	13
162	0	0	4	0	4	1	25	0	0	1	4	8	7	0	3	0	16	1	5	0	0	3	1	0	0	1	4	13	10	4	6	0	0	0	2	1	0	36	0	2
164	9	4	6	9	3	5	8	4	5	6	25	6	23	3	4	7	6	2	5	9	11	8	11	2	5	1	5	7	11	11	8	5	8	5	3	9	6	12	6	12
165	64	36	52	33	16	27	31	41	15	18	42	50	38	33	19	17	57	22	35	30	59	32	17	7	16	16	23	7	38	45	70	22	30	21	49	27	38	67	29	61
167	0	0	0	12	3	5	3	10	0	1	5	1	4	2	3	1	0	4	23	0	23	1	0	21	8	0	21	0	0	1	0	20	1	6	1	2	1	28	0	3
168	2	11	10	4	2	7	11	8	6	6	4	10	9	6	3	3	5	9	5	5	2	4	12	5	10	5	16	6	12	8	12	8	5	6	16	7	6	13	10	19
170	60	39	76	57	37	62	73	45	44	37	57	77	82	39	44	32	80	22	54	64	42	64	44	25	45	43	63	31	87	57	46	37	50	60	85	60	68	62	83	58
173	2	8	4	5	4	10	9	10	4	6	4	5	7	9	3	8	1	10	3	6	5	12	6	3	4	3	5	8	5	3	2	3	0	5	8	5	4	4	5	4
174	7	5	7	6	5	1	0	6	11	11	7	2	4	12	7	6	0	5	1	3	4	2	2	3	9	9	2	2	1	14	12	3	10	7	11	6	6	0	11	1
175	16	3	0	0	0	0	0	1	0	3	1	0	3	0	0	22	0	1	0	0	16	1	16	2	1	1	0	1	1	0	0	10	10	0	2	1	16	0	1	1
176	13	16	11	17	7	24	16	17	9	15	24	17	30	19	4	14	14	14	7	18	7	15	16	12	5	15	12	9	11	25	26	13	16	19	16	18	12	6	20	27
177	5	3	6	3	5	11	4	13	6	10	1	10	4	15	6	5	8	4	4	6	5	8	6	5	10	10	6	12	8	1	6	2	3	2	5	10	7	5	6	2
180	3	6	4	4	8	5	8	13	11	5	9	6	14	10	2	4	6	2	5	7	6	2	13	5	9	5	8	12	2	7	12	9	8	6	8	12	11	9	4	9
182	2	10	6	10	13	8	8	14	13	9	3	12	6	9	16	12	4	13	16	7	4	6	12	8	12	8	6	6	8	6	4	6	5	8	6	5	10	7	8	7
183	0	10	0	6	0	8	1	2	0	2	3	20	4	3	3	3	16	0	5	1	7	6	6	4	9	2	1	3	3	6	1	5	14	4	13	4	4	29	9	11
189	0	0	0	0	1	0	0	0	0	0	0	0	0	0	2	1	0	0	0	0	0	0	1	0	0	3	0	91	0	0	0	0	0	0	0	0	0	0	0	0
192	17	2	3	0	2	10	40	5	0	0	0	24	7	0	23	1	26	1	8	4	1	11	8	5	0	8	13	1	10	6	0	4	1	2	13	17	9	10	1	8
194	1	0	0	15	0	0	0	0	0	2	3	11	14	0	1	0	0	2	4	17	1	0	0	0	1	0	0	4	1	1	0	1	0	1	0	6	0	1	27	4
195	6	4	6	6	5	11	3	5	5	4	4	3	7	5	4	9	6	5	3	8	10	6	3	3	2	4	3	1	3	7	7	5	5	8	2	7	7	5	4	4
199	6	3	3	2	2	3	4	4	4	2	3	7	3	2	2	5	3	2	3	9	1	6	2	1	1	3	1	3	4	7	5	5	5	3	6	6	7	7	10	9
200	3	1	1	3	3	8	3	5	7	4	4	4	3	5	4	6	5	4	6	12	5	17	2	3	5	4	6	2	4	6	5	2	3	5	6	4	7	6	2	4
204	3	62	6	0	1	29	38	2	0	0	0	1	2	0	12	1	6	4	4	3	1	3	5	0	0	1	0	0	12	0	0	0	0	17	5	14	7	2	10	2
206	55	113	49	102	20	179	64	125	5	75	229	134	230	59	120	48	60	71	145	30	70	51	108	43	64	46	36	78	85	24	41	16	20	56	108	41	44	422	18	160
209	2	2	2	10	0	1	2	1	2	0	2	1	0	1	1	0	0	1	7	1	8	1	0	9	5	0	8	1	0	1	3	13	3	2	2	3	0	5	1	1
212	4	1	6	2	3	8	2	2	4	5	4	0	1	4	1	5	2	4	0	4	5	9	3	3	7	3	0	5	3	3	8	4	6	15	3	6	3	4	12	3
218	6	0	0	4	3	2	3	2	5	4	4	0	4	2	1	0	4	1	1	2	5	1	2	0	0	1	0	0	0	2	4	4	0	2	1	3	0	0	4	1
223	0	0	4	0	0	0	1	0	0	0	1	1	1	1	0	0	1	1	5	1	33	10	5	0	0	0	0	0	0	0	0	0	1	1	0	1	0	43	0	1
226	0	0	0	1	0	0	0	0	0	0	2	0	0	2	0	0	0	0	0	0	0	0	0	0	0	0	0	0	0	0	1	0	1	0	0	0	0	0	55	0
228	3	0	10	5	3	3	6	5	4	9	5	3	4	4	0	2	6	1	3	8	3	5	4	1	5	1	2	3	5	8	3	3	4	2	5	8	1	2	2	3
234	10	16	11	10	18	14	7	17	16	10	8	16	9	14	8	10	13	8	9	7	14	4	9	11	12	11	9	11	9	11	12	8	6	12	9	7	4	15	7	15
235	5	2	0	3	0	0	0	0	4	3	5	1	0	2	0	0	0	0	3	2	4	0	0	0	0	0	1	0	1	3	4	4	3	3	0	4	0	0	5	1
238	18	35	14	15	16	22	30	15	14	20	13	24	19	16	27	22	27	27	30	8	21	22	31	18	31	19	15	34	32	11	11	16	16	14	20	17	24	14	15	34
240	0	0	0	1	0	0	14	0	0	2	0	22	1	1	7	16	1	2	0	12	1	15	2	7	4	2	5	1	0	5	2	6	35	0	5	12	27	1	3	1
241	0	0	2	4	3	3	3	3	0	0	0	0	3	0	0	0	3	1	16	0	6	0	2	0	0	0	1	0	2	0	0	0	0	0	2	0	4	24	0	2
244	2	0	0	1	1	0	0	0	5	1	5	0	1	7	0	0	0	0	0	1	6	0	0	0	0	0	0	0	0	3	3	7	5	1	1	7	0	0	5	0
248	0	0	0	0	7	0	0	0	0	0	0	0	0	0	0	0	0	0	35	0	0	0	0	9	0	0	0	0	0	0	0	0	0	0	1	0	1	0	0	0
249	3	6	3	0	0	0	1	3	6	1	2	3	2	5	1	0	3	2	0	2	1	0	2	2	2	0	2	1	0	5	2	2	4	3	0	7	0	3	1	1
250	2	1	2	2	1	2	1	2	6	2	4	0	1	3	2	1	2	0	1	2	2	0	6	2	4	2	3	2	0	2	4	1	2	3	1	2	3	0	1	2
251	5	0	0	11	0	0	0	0	10	6	10	0	0	4	0	0	0	0	0	10	12	0	0	0	0	0	0	0	0	6	11	7	5	11	0	3	0	0	5	0
268	3	3	1	6	2	4	1	0	6	2	1	3	1	3	0	2	0	3	3	5	3	2	1	5	2	1	0	1	0	1	2	2	2	2	1	3	1	2	4	0
274	0	0	0	1	0	0	0	0	0	0	0	0	0	0	0	0	0	0	32	0	0	1	0	0	0	0	0	0	1	0	0	0	0	0	0	0	0	0	0	0
276	37	0	0	0	0	0	0	0	0	0	0	0	0	0	0	0	1	0	0	0	0	1	0	0	0	0	0	0	0	0	0	0	0	0	0	1	0	0	0	0
277	0	0	0	0	0	0	0	0	0	0	0	0	0	0	0	0	0	0	0	0	0	0	0	10	0	0	21	0	0	0	0	18	0	0	0	0	0	0	0	0
291	7	6	0	8	5	7	8	13	7	4	6	19	9	0	3	7	8	7	4	2	6	4	9	6	10	8	6	12	7	5	5	7	2	6	8	3	3	8	6	11
293	2	1	0	5	0	0	0	0	6	2	5	1	0	2	0	0	0	0	0	2	1	0	0	0	0	0	0	0	0	3	3	2	3	5	0	2	0	0	0	4
303	16	0	0	0	0	0	0	0	0	0	0	0	0	0	0	0	15	0	0	0	0	1	0	0	1	0	1	0	0	0	0	1	0	0	0	0	0	0	0	0
314	1	1	2	3	1	3	0	0	6	2	1	1	3	3	0	2	0	1	2	1	1	0	1	0	2	0	2	2	0	2	1	1	0	2	1	1	1	1	2	4
318	3	9	0	0	0	0	0	0	1	3	0	3	0	3	0	0	0	0	0	26	2	11	0	0	1	0	0	0	0	2	27	2	2	5	0	2	0	0	0	22
332	653	775	461	133	633	117	326	1471	40	59	158	76	114	317	991	474	102	575	88	46	675	275	573	145	120	65	2163	1210	726	508	1328	90	48	640	204	134	170	1961	51	857
345	7	7	3	8	4	0	2	1	8	8	6	1	2	10	7	7	4	3	7	9	6	0	1	3	2	4	2	4	6	12	12	8	6	6	6	4	3	4	13	1
353	0	0	1	3	4	0	0	0	6	2	5	13	2	2	3	1	0	2	5	4	3	0	0	2	7	3	3	2	0	11	2	1	2	0	6	0	0	2	1	0
356	0	1	5	6	1	0	1	8	2	7	0	6	0	6	3	1	0	0	7	0	2	2	3	9	7	1	21	2	0	0	15	15	10	0	0	3	6	0	0	7
363	1	0	0	0	4	0	1	0	7	0	0	0	0	1	1	0	0	0	1	1	0	1	0	0	0	0	0	0	0	1	2	0	1	3	0	2	1	0	1	1
368	0	0	3	8	0	1	2	5	2	2	0	8	1	4	0	3	0	0	6	0	0	2	2	17	1	8	26	1	0	6	1	25	5	0	11	2	3	3	0	1
377	2	9	2	24	1	2	29	0	1	0	79	1	45	2	1	1	4	1	1	16	5	4	59	4	2	5	1	186	28	2	2	1	4	1	4	81	2	3	5	42
378	0	1	0	0	6	0	0	3	5	0	0	0	0	3	0	0	0	0	0	0	0	0	0	0	0	0	0	0	0	0	0	0	0	0	0	0	0	0	0	0
403	4	4	6	7	3	10	2	4	4	3	11	8	14	6	4	8	6	3	3	5	8	2	3	3	4	4	2	7	6	3	6	2	6	4	4	3	5	12	9	5
410	2	4	0	13	5	10	3	1	6	1	6	5	5	3	0	5	3	7	21	17	4	23	0	4	3	7	6	5	6	11	1	1	4	4	8	1	1	6	3	2
422	61	52	34	28	7	84	36	45	9	26	17	133	49	10	60	7	138	92	120	20	165	86	146	37	47	26	28	8	110	58	110	46	23	149	162	143	124	93	25	189
432	5	0	4	4	2	2	7	4	7	5	5	8	5	3	3	6	5	3	4	5	1	7	3	1	3	4	5	7	8	2	3	5	6	7	3	3	4	3	6	8
447	0	0	0	0	2	0	0	0	12	0	0	0	0	0	0	0	0	0	1	0	0	0	0	0	0	1	0	0	0	0	0	0	0	0	4	0	0	0	0	0
450	28	91	31	175	18	122	26	57	6	13	68	81	109	17	90	29	108	94	228	71	141	87	114	62	174	24	35	110	33	77	26	79	83	58	148	143	137	67	89	190
464	7	13	0	5	4	16	1	18	2	1	2	1	2	5	15	8	5	4	14	5	15	11	5	8	21	5	0	1	31	3	4	10	4	10	13	5	14	27	6	12
467	4	0	54	16	1	16	22	43	4	7	2	63	16	4	0	1	24	0	37	9	4	38	24	12	0	8	142	0	22	14	2	40	8	1	60	5	40	24	0	47
468	8	4	13	4	2	12	14	10	4	3	6	10	12	9	13	6	10	6	10	6	2	7	11	3	5	3	12	3	13	3	9	5	7	4	7	9	8	8	13	12
484	2	1	3	2	0	7	8	5	5	0	3	5	1	3	6	7	4	8	6	4	3	4	3	1	1	3	6	2	7	1	0	0	2	9	6	4	4	4	1	6
486	25	9	3	19	13	5	3	2	29	28	45	9	19	16	2	18	4	7	0	19	39	3	2	4	0	10	0	1	20	36	25	14	52	11	25	15	17	3	27	10
500	1	3	4	3	1	14	1	6	0	0	22	10	3	1	15	1	3	3	7	8	6	7	5	2	4	0	7	16	3	5	0	3	10	2	8	7	9	3	6	2
505	3	3	6	2	15	17	8	19	10	2	2	7	8	10	6	3	5	21	7	3	17	4	8	12	14	11	15	13	6	4	4	10	5	15	5	6	3	27	2	6
507	16	4	12	12	2	9	15	14	13	5	9	18	10	8	4	5	29	2	11	19	14	17	9	1	4	11	12	2	13	23	10	6	12	5	16	10	8	17	16	18
516	3	6	2	4	4	5	3	5	9	8	6	5	3	7	2	1	0	4	7	3	1	2	4	8	3	6	5	2	2	4	2	3	4	6	7	8	2	3	4	4
520	36	49	44	17	8	67	107	46	5	24	27	55	58	12	47	54	74	37	47	36	19	124	57	16	21	29	44	21	54	34	25	3	48	29	73	29	130	69	17	120
523	0	6	3	0	0	0	0	0	0	0	0	0	0	0	0	0	0	0	1	0	0	0	0	0	2	0	0	0	0	0	25	0	0	0	0	0	0	0	0	20
547	9	15	30	1	28	27	35	30	26	16	25	17	30	15	21	20	23	14	11	15	25	23	17	14	18	26	6	29	19	22	16	18	17	24	36	25	19	80	22	26
553	98	124	48	60	41	58	68	91	35	28	56	54	68	87	47	38	81	46	45	66	42	56	31	93	46	41	120	32	71	66	173	79	73	57	61	59	58	41	66	162
558	24	35	33	493	29	233	22	304	7	292	16	23	35	62	127	14	34	11	642	13	113	63	30	30	25	273	259	31	103	157	33	103	73	46	167	21	93	449	29	56
564	13	6	8	8	6	14	9	13	8	6	9	16	9	9	5	10	14	2	7	8	20	10	13	4	6	6	13	7	26	12	11	10	11	4	8	2	7	15	19	7
576	1	3	8	48	16	124	5	34	1	23	220	21	69	24	3	31	13	1	5	4	44	52	70	4	103	12	43	53	15	80	14	78	30	13	147	43	112	100	12	7
585	2	10	3	8	6	3	7	2	0	1	0	3	3	5	19	9	6	8	11	3	4	7	2	13	13	11	2	6	5	0	2	1	1	2	5	4	6	2	3	2
606	0	0	0	16	1	1	0	0	0	0	51	1	15	1	1	3	0	0	0	4	1	12	3	2	0	2	2	9	10	2	2	0	2	18	21	6	0	1	2	0
644	17	17	7	12	4	7	8	4	3	2	8	6	3	12	18	5	8	9	9	19	9	12	0	6	10	7	1	12	7	9	7	1	5	6	2	14	2	10	11	7
665	9	8	10	7	6	17	10	4	11	7	9	20	18	7	12	8	15	4	14	7	11	11	10	5	9	8	16	5	12	13	14	13	11	5	13	14	22	6	6	11
668	19	12	14	13	9	9	15	17	16	9	15	13	9	16	13	11	16	7	12	8	16	14	13	11	8	5	10	7	27	13	33	11	12	12	15	14	6	16	18	20
672	79	208	43	134	37	220	28	137	13	26	256	194	186	78	175	19	180	77	173	32	170	92	91	64	108	80	156	226	145	59	219	146	86	158	123	134	142	304	78	295
689	10	0	0	18	0	1	5	0	13	14	15	2	3	16	3	0	0	0	0	12	18	0	1	0	5	0	0	0	0	9	18	8	7	15	0	16	0	4	15	5
700	14	26	10	43	7	24	7	18	1	2	79	33	42	7	78	5	48	14	35	8	28	23	30	9	17	21	12	24	16	18	30	19	17	24	58	18	19	33	14	69
712	4	1	8	3	10	51	7	5	1	5	27	30	5	28	3	6	6	30	1	6	126	4	53	6	25	5	6	35	1	42	4	21	19	12	107	7	65	31	11	10
718	14	0	4	12	1	0	4	16	14	12	7	0	0	24	3	0	0	0	0	16	18	0	4	2	6	0	2	1	0	13	20	10	13	14	0	18	0	5	18	0
747	0	17	1	10	0	14	2	5	1	0	0	7	11	2	20	1	11	3	1	17	1	16	0	2	9	8	8	5	1	5	2	10	10	26	38	0	9	26	3	9
763	23	27	35	28	19	36	34	40	36	31	31	38	42	22	20	17	43	23	35	19	29	34	40	22	19	20	44	12	52	35	31	30	36	32	40	27	43	37	37	36
789	61	50	18	438	28	122	13	77	4	24	223	126	127	37	109	12	375	74	119	37	106	95	27	65	71	12	43	54	75	84	202	34	28	69	43	102	119	121	108	185
