rab.all	rab.win.Healthy.Metagenomic	rab.win.NASH.Metagenomic	diff.btw	diff.win	diff.btw.025	diff.btw.975	diff.win.025	diff.win.975	effect	effect.025	effect.975	overlap	we.ep	we.eBH	wi.ep	wi.eBH
Acidaminococcaceae	1.5771834108866	0.649251236636982	2.17499119852071	1.50798853414242	2.54623775623297	-2.50523041270466	5.24802192935513	0.270673287054515	4.70600520623653	0.605374560183995	-2.00893825321522	5.82670529362865	0.266897821516321	0.077948983038755	0.563339364687639	0.104095063218515	0.664342423141847
Actinomycetaceae	-2.19179093389794	-1.9704823235311	-2.40975162386685	-0.685540356449101	1.66994566123558	-3.73123734868748	1.94825946991855	0.193706734071371	3.66649549725066	-0.416540527457107	-5.61698809973165	2.32700549271237	0.310225358788714	0.173505355983843	0.612918684008561	0.244967517969646	0.697341039235729
Alcaligenaceae	0.647119543440971	0.274252649961215	2.22554999534251	1.10917747741629	2.31492582166834	-3.74150221796169	4.61712111105561	0.307473733185444	4.94125467813922	0.471730534092532	-2.44506544808943	6.66172613656798	0.305026054088088	0.175316170732881	0.653305440956277	0.193348253913269	0.710459950672158
Bacteroidaceae	5.90850567451328	6.10067055332625	5.45523546473914	-0.477794393210796	1.36340601913147	-2.80266343716382	2.01334565743339	0.199988126791942	2.82108046650364	-0.305404689995345	-5.302888589748	3.33777700435911	0.388888918246793	0.322722031758077	0.726871035596811	0.393218454339778	0.78326261146016
Bifidobacteriaceae	3.70329331878955	3.53914557177373	4.25556743768823	0.159340964196315	1.59539793328638	-2.95983500640533	2.86437687631234	0.209114244200444	3.83032199695617	0.0756132016357867	-3.3067492953719	4.96923327020794	0.462738310938608	0.75849973815707	0.943926181411078	0.787505378715712	0.952064561835922
Christensenellaceae	1.76868714830186	1.82820187903747	1.66849399684865	-0.150757488552434	1.73026032687015	-3.40634322446757	2.65386449734394	0.240276743627773	4.11456115258803	-0.081302664115386	-4.31841308063223	2.93327953118721	0.457539005506029	0.640521681710673	0.878454769103318	0.768101746357358	0.928700335240409
Clostridiaceae_1	1.78347240103228	1.92501750473554	1.67643160634542	-0.00626040078700818	1.8640471015209	-2.92689540534365	3.66405425774258	0.254395255106738	4.22861742698385	-0.00241108515924712	-4.28469488946102	4.26202531598413	0.499133449090385	0.904584261300921	0.962156963650077	0.896708699582152	0.967025278152097
Coriobacteriaceae	2.72550532178009	2.69781193145803	2.7400022655824	-0.0710252951536394	1.55384966270775	-2.77037085482957	3.0698787860589	0.21180850353588	3.77559951315238	-0.0367313017478467	-4.42728308404944	3.69910405259977	0.490467939995094	0.879014831491297	0.955665050987383	0.884902418595337	0.961997524816309
Defluviitaleaceae	1.06710770886899	1.41365308611494	0.733456037925547	-0.445941507893983	1.72145651395102	-3.37584179600009	3.68123444889682	0.332605294923815	4.05895297995084	-0.257229703496726	-5.048381567498	3.52102848108694	0.388888918246793	0.497154098562039	0.820911860255923	0.484256769739548	0.816012859443988
Desulfovibrionaceae	-0.132804420909597	-0.0188172199184038	-0.458837487743835	-0.0403429866997485	2.40505857300543	-3.88191595208733	4.40587362430037	0.356360071298608	4.9461057191559	-0.0276299409742457	-3.39996269344934	4.02541886223667	0.486111114602322	0.876695008515775	0.957041749408572	0.901822877200199	0.966877176322288
Enterobacteriaceae	0.920040165078735	0.713025757852281	1.09067379582835	0.219919576824581	3.45636823090169	-6.07238013181526	6.33742801756261	0.312086122829693	6.87004995651575	0.0638140691076573	-6.04162150398057	5.50831112949121	0.454072801888179	0.769915661148434	0.943426663156339	0.71230755022841	0.933737090229426
Enterococcaceae	-4.83018940483192	-5.08596662010485	-4.50606481160829	0.760666706907057	2.31092247623122	-3.19564394641274	6.27053220747942	0.415335002117827	6.6623789688386	0.302100698198337	-2.62067595148643	6.33293906134581	0.360485306500261	0.314902694829907	0.709740882155428	0.384016791064972	0.772506247527468
Erysipelotrichaceae	3.99263554085337	4.33533081130637	3.72201758819812	-0.685635447632335	1.05125611099689	-2.70837654575745	1.14493294408176	0.199456816929973	2.24988088698827	-0.637820693371146	-6.46483099740304	1.66490469805065	0.237847313030844	0.0524762563449484	0.509721494791346	0.0679534764770833	0.596391056956034
Eubacteriaceae	-7.40144822539415	-8.12001733295932	-6.87168037408658	1.23120251657663	3.80400242023994	-5.70863033739917	11.6088824740828	0.552413685858536	13.1855690113265	0.268501742534856	-2.83393953698811	6.25979477494152	0.371527812327543	0.326751668210702	0.683163727810834	0.372230299692568	0.736709703701945
Family_XIII	-0.0472682777983584	0.259366666700937	-0.421919602531639	-0.714879809502855	1.44429823001796	-3.45003018698459	2.02615501117935	0.242506699924096	3.2314362200231	-0.438809140064145	-6.03284562327621	2.0210324192151	0.300347281882084	0.164271558927185	0.633127771183828	0.16371914173288	0.671244760778545
Fusobacteriaceae	-7.17313091970636	-7.41070707939272	-6.84761722169292	0.542328805840778	4.24386471584797	-8.529270310152	10.9086092151565	0.641259172796393	12.6598673552727	0.115146967187989	-3.45293006727757	5.5316782392136	0.439236126602159	0.533967480206175	0.825299744890231	0.628238900225162	0.873919135652983
Lachnospiraceae	8.80980926634154	8.89094211822809	8.72081883652419	-0.165763124199616	0.575158000426629	-1.27284837871962	0.808661612640813	0.0791693607042137	1.33046499751411	-0.282150337519442	-4.55676672419451	2.7020039745056	0.378472254663224	0.35437123163396	0.701247480479075	0.424750921485635	0.764341802384952
Lactobacillaceae	0.372523185139713	-0.0349480624522593	0.70519502725994	0.974951552872403	2.67362442301125	-5.96482481894354	5.94861989101744	0.401026459843322	8.58593071768076	0.366015850518098	-3.51479414667786	6.68545556408046	0.326388938473403	0.340554347834935	0.762792633320096	0.228705529184438	0.727339682994908
Leuconostocaceae	-5.49803092391059	-5.75287470916211	-5.15724837237425	0.401990944329945	3.93413554067931	-9.26746444049192	9.18537979849464	0.522547073251837	14.1622700338669	0.0783392420518617	-5.52915243824224	4.62945126937836	0.441941089254363	0.624892890270211	0.863410897366615	0.621010616705276	0.875042533827627
Methanobacteriaceae	-2.01641159471638	-1.88779167471119	-2.11046464921178	-0.360396445147445	3.74664723806301	-7.35163268262793	7.3821306253188	0.342260813759689	10.1761253542537	-0.0884937549224546	-8.48267688066125	4.63059143874958	0.433275580262402	0.604855800996789	0.875821022505238	0.692899858461972	0.902468971864615
Pasteurellaceae	-2.76027644717889	-2.8685691557501	-2.12019866112532	0.371907685896733	2.69047030231027	-6.40750970947179	3.80198191514958	0.339000973086702	6.56638244833791	0.117799273213707	-5.00542238954928	4.20734738627842	0.466204514563806	0.800920453532647	0.9354975574336	0.806539943222412	0.948696926434816
Peptococcaceae	-3.82230845814706	-3.88902144134456	-3.77056180370686	0.162974604878527	2.60689093392554	-7.53527951593515	5.17206789115732	0.339747961105465	9.59663750387309	0.0559271479521389	-5.5893587778172	4.05077714439003	0.462738310938608	0.704966098756105	0.9018560349787	0.72629001223235	0.912933372662707
Peptostreptococcaceae	3.40729940709089	3.62159964039105	3.28498701799069	-0.3599425602297	1.41211866034949	-3.1504312441926	1.96343928805522	0.213856808447213	3.64128903580539	-0.253972332913806	-6.27424255268397	2.95751508835462	0.381282527157928	0.349366458885867	0.736041307632496	0.344325421095932	0.767101451909193
Porphyromonadaceae	2.01515015585458	3.0938793766783	1.56382563607	-0.507635054664093	2.21702103034742	-3.81638789905375	3.27082690726832	0.282540421056411	3.77013463207937	-0.278540639764276	-6.122437887149	3.43251792144683	0.364583370038731	0.341243438394618	0.739613188491445	0.409113235835372	0.793324031676199
Prevotellaceae	2.97535664810435	2.86909643503011	3.04783179594051	0.713411527006051	2.77185715472311	-3.26951637882947	5.79025671558822	0.251546343077641	5.27958607006848	0.306089641130587	-3.52605686540268	7.3277379587833	0.395147341143732	0.34511219477765	0.762268890693012	0.445576192383468	0.841891246450918
Rhodospirillaceae	-8.27467480586591	-8.85112782961345	-7.55875463499849	1.44654109242041	5.07554258115714	-10.4361963582028	11.1450326976181	0.905207265550146	14.6348790490338	0.245930544967915	-4.10119716307567	4.21103247822332	0.365684611624304	0.531919684055653	0.819109793954225	0.436240737783888	0.787783880181423
Rikenellaceae	1.53358494608137	2.30707299328198	0.838705741437074	-1.07435891959349	1.81034857690129	-3.89443458646296	1.78531366170062	0.242378079241078	3.43877770004523	-0.700964948925819	-7.48979654202699	1.69891389234735	0.19270845736486	0.038146896565025	0.506801131850757	0.0251404216913118	0.531688944084435
Ruminococcaceae	7.7074462548036	7.81488871171643	7.5186185450171	-0.422586705505794	0.819125501121941	-1.94591654047797	0.703388802072719	0.116866316727791	1.82690630112984	-0.520566517857784	-6.1935181002682	1.54802068908604	0.280762632928835	0.0714285502498044	0.516601230052335	0.143217270345753	0.63404937528586
S24-7	-2.45455378810296	-2.35757200971082	-2.54962176747932	0.000264774393245126	3.68211613338494	-8.05348173305735	9.31453926496109	0.45653255265829	11.3377340549918	-0.000406116801113034	-5.7239349368918	5.81437961438273	0.5	0.810592791577447	0.940873782001223	0.8445601901968	0.9581781418678
Streptococcaceae	4.14438790231833	4.61538403726775	4.04426568677851	-0.502755834002527	1.29700559786806	-2.64701260409366	1.72415296470598	0.253920745279235	2.63988032624228	-0.35952980167493	-4.38981316097442	2.46331720176397	0.355286001405868	0.235787375390343	0.692321170243732	0.306564976238931	0.750260848323547
unclassified	2.51960041730468	2.5892949213856	2.41560536737332	-0.163418441279783	0.882002054806504	-1.60649008696318	3.21674951971897	0.170807189646642	3.85964521794946	-0.124437479386902	-4.0773798115216	6.58312291842677	0.410745257044904	0.84842302094571	0.954732877520843	0.574953080008227	0.838370780037496
vadinBB60	-7.87214304410049	-8.25140229575161	-7.27691846189541	1.18263248040117	4.29367331777604	-9.07358956202229	9.46315237184513	0.832856914625319	13.3588294139101	0.208042946290946	-3.90858624224302	4.4692642679023	0.407986135032666	0.496493543189793	0.782037038735073	0.500654579553573	0.809495292458687
Veillonellaceae	4.46611317050615	4.69256525122874	4.05357802692363	-0.359436360457219	1.99271807561168	-3.75047616257006	3.17159684953706	0.378930713113207	4.14217380269999	-0.173516415835447	-3.88178207024449	3.04155452959155	0.420138909472984	0.583456333301495	0.864903800241392	0.622357156195198	0.884054044142999
Verrucomicrobiaceae	1.92412855025038	3.0374238773366	1.64026890407037	-1.92768941547449	3.5604189880407	-8.15700442132994	4.32301612668853	0.389651296013738	8.02128730918657	-0.47277437283246	-8.00103186043871	1.84824173815088	0.310763944366602	0.096985032291882	0.565230578007454	0.165373350527182	0.691968696463691
Victivallaceae	-8.24273216702246	-8.22783097992461	-8.25736639214419	0.150547029934231	4.25318937973659	-9.53854747187518	9.16800584571787	0.768931318789423	13.1708889021445	0.0250547174735407	-3.41285874081914	4.20417169674529	0.488734838176426	0.557511364028385	0.828241507435867	0.597939140000866	0.848719224026346
