rab.all	rab.win.Healthy.Metagenomic	rab.win.NASH.Metagenomic	diff.btw	diff.win	diff.btw.025	diff.btw.975	diff.win.025	diff.win.975	effect	effect.025	effect.975	overlap	we.ep	we.eBH	wi.ep	wi.eBH
Acetanaerobacterium	-6.16850682456958	-6.55739883840111	-5.64679946034006	0.694981162143584	4.40684419412222	-9.0441978159892	8.64835907676737	0.723609807552904	12.6538078369373	0.150166574863666	-3.08253012951537	5.18858127056964	0.428076274882273	0.507618826501046	0.865423341695624	0.501744192340168	0.904802950804516
Acidaminococcus	-1.23853148814759	-1.44599510177329	-0.593828796826632	0.912696085417239	2.73804979742075	-3.2960777630421	7.43326257279346	0.380598851099585	8.45259790124424	0.316245753336705	-2.56989545424113	7.46272027919723	0.355286001405868	0.235334173017969	0.805792923118354	0.324645579845851	0.892478670365204
Actinomyces	-0.761613480014888	-0.51422459869539	-0.999180105160411	-0.713473446757297	1.8088604843517	-3.81007715805879	2.32073197705926	0.219518317729239	3.87370938435387	-0.350146674161312	-6.16438431278639	2.61920482765231	0.331022578078507	0.218391053954383	0.784522130971189	0.272909776949057	0.848266776786259
Adlercreutzia	0.763931759199361	2.59275223919347	0.526427013262017	-1.56163714906373	2.5774942519234	-4.92541478752571	3.90183934673561	0.238303924324864	5.7077470028801	-0.54543049025494	-7.55775878609022	3.61151166115036	0.346620492985935	0.185381117166109	0.779325521566767	0.294875403234536	0.88703987917285
Akkermansia	3.6441132786445	4.51931938354835	3.2838123733644	-2.04369343305285	3.41492998556019	-8.19180915434275	3.98677504183456	0.555136326563834	7.6010341339589	-0.561523502127003	-5.26141395375292	1.83539305306329	0.305026054088088	0.0948071625768767	0.736009909539615	0.157741832470935	0.840367067740352
Alistipes	3.15330853158945	3.73594786838906	2.46345137251683	-1.05986622328844	1.77158321411536	-4.16524043693136	1.84315893223347	0.211264384854201	3.64079859109458	-0.658053633029066	-8.1236456587425	1.54930781489113	0.232638982932401	0.0469205382443039	0.607631490159521	0.0492604096754639	0.627730506182229
Allisonella	-3.20160174035121	-3.27489543351345	-3.07582100213882	0.0737084159008274	1.97645413621524	-6.09069511106196	3.34073646443849	0.351610839603266	6.7831938985063	0.0306648544566362	-6.71238617930054	3.21895793612807	0.484375003928418	0.607636757173413	0.90500858671882	0.686557033330447	0.95687801979878
Alloprevotella	-0.548113836605467	-0.635891382064273	0.860091476001183	0.121094941218083	3.33174036196517	-6.72168776414389	4.15733531194497	0.266571982804389	8.09012297155283	0.0410737228060088	-5.56685940898841	5.46171359003061	0.490467939995094	0.804741783065678	0.948988499836348	0.920273394368789	0.98621380759929
Anaeroglobus	-6.9529258181003	-7.18984978199326	-6.67856818610969	0.524880854303118	4.2178062041426	-8.74075544247884	10.1402428405735	0.67185429519565	12.807783140811	0.119083014663212	-3.9688898765641	5.12070685510883	0.441941089254363	0.506969395421383	0.862196306698402	0.522591113414449	0.908188831543551
Anaerostipes	5.89946779994997	5.91779992433717	5.89946779994997	0.120270507863125	0.988189464273533	-1.54061030063621	1.7770297146231	0.139087494324221	2.16520184693798	0.157165168482448	-3.71577920969273	4.50252354705323	0.462738310938608	0.704406389296395	0.933064583971029	0.81274931531317	0.975985397436456
Anaerotruncus	0.731220711811963	0.793503203676911	0.556047185028627	-0.00382275068663862	1.75760038782222	-3.46417779627865	2.59284577982937	0.212018961265837	4.0570731314377	-0.0016727802902382	-5.36315199597668	3.090302252392	0.498263889324959	0.769512310559405	0.938421717497272	0.854676742568577	0.978194269955721
Anaerovorax	-0.861097819576099	-0.461579646531602	-1.76442347763635	-1.46383565012246	2.93513440710397	-10.7223903959947	3.8404418540834	0.396774549602087	12.1303947685439	-0.466228656351833	-7.18585113952778	2.13103809308181	0.243055643252094	0.124577696533814	0.735087745352797	0.0819821142479811	0.690514097997474
Atopobium	-1.68902592914769	-0.739114991825829	-2.67768559639415	-1.63811192812872	4.59784019594115	-11.3798233967002	6.27302356673531	0.532227651362747	13.2183843643433	-0.310093140488096	-6.76774864452687	3.29658401233659	0.398613544663128	0.398547799268447	0.864887586490634	0.529197800071446	0.945406478737928
Bacteroides	7.42098484477635	7.6562533874567	7.13274149207746	-0.45581738318684	1.42489164200814	-2.86170151723947	2.10756129913017	0.179832178421067	3.15522217755383	-0.322941526874632	-6.17948329407471	3.14567711789634	0.363951509913101	0.388827971404698	0.868651776563621	0.389586806382472	0.910272019950427
Barnesiella	0.802716316100914	0.707584142317544	1.069613999576	0.0223668583063965	2.49954749885283	-4.30431339058354	3.94045152597561	0.401888397823471	5.40414422431077	0.00862109211351194	-3.22477309205497	3.3451494906329	0.495667245452003	0.887447875392603	0.964968070776689	0.900789250416766	0.985262111001381
Bifidobacterium	5.2533561135811	5.08823580054557	5.77836416394078	0.258263857985215	1.78658008117547	-3.01514910290269	3.11759099007792	0.192587234005826	3.92115523494176	0.149907132386558	-3.61552159787198	5.10028379390814	0.440207987453635	0.740770011040652	0.938330803166336	0.756547825239776	0.970514340333631
Bilophila	0.544615123460759	0.46132551347656	0.708311782355949	-0.349430809820656	2.32841523715913	-5.6380360094737	3.04575128143619	0.318505155710086	5.64598876939382	-0.143023824687656	-5.01425283380876	2.78791447615642	0.439236126602159	0.492659713658774	0.883477868017453	0.745062068349607	0.966913910035769
Blautia	8.30401849273421	8.32251102418726	8.27750123378281	-0.0566279021654408	0.667269850350161	-1.24965920307056	1.11837273247507	0.124669375054925	1.49445535303698	-0.0874491090359382	-3.35983466964292	3.2358288885266	0.454072801888179	0.743485880538469	0.930298955824435	0.766617694418585	0.969113050576775
Butyricicoccus	-2.33261451390343	-2.94127725492329	-1.64004629510137	1.5483122903197	2.46686459537439	-2.28559855603196	7.32419783287551	0.400187489870353	7.17828119936314	0.595815561532737	-1.39851298532007	7.78176126332353	0.24131953316521	0.0577962954005304	0.611069307784728	0.077743246498084	0.654309484599606
Butyricimonas	-5.48539054902631	-5.77663130229972	-5.10586104765971	0.817340599102574	5.28879900258828	-11.226678674062	10.2751099114508	0.730758429928757	14.3079781270465	0.123330833914196	-4.8383058048686	4.02433260935142	0.431542478467697	0.640466182871929	0.914296401304014	0.615046331377601	0.942612835369823
Catenibacterium	0.0888903668758836	-0.148064347343535	0.338265505049981	0.358758019672396	1.73498034280207	-3.05233586805298	2.98211823166655	0.27298611832224	4.12133303943647	0.183573899577714	-3.70066093359393	3.99899308546657	0.405545951726798	0.719726604674521	0.932326783837171	0.551106594643746	0.942365940224244
Clostridium_sensu_stricto_1	3.23081077963235	3.23911435132726	3.22140463896408	0.00835100173265513	1.84127656894236	-2.95357796272459	4.59244962286951	0.212162366613067	4.29860707987874	0.0037017194417014	-5.81187105007297	4.70399829106354	0.498263889324959	0.918407296072162	0.973464722747533	0.873933390525883	0.980509387667566
Collinsella	-2.56120134160498	-2.80360231288184	-1.51294496550297	0.863278579467029	4.06981717122807	-6.72196308679405	7.85524739768182	0.608895351461742	9.54424781497779	0.212042439743834	-3.19077098217801	4.81422501876616	0.416666688195798	0.588109559930312	0.906150120276348	0.595250120429107	0.952598402745697
Coprobacillus	-1.66012450249738	-1.76934521890178	-1.275270259113	-0.00998472149357621	2.79187778243932	-8.5147942546245	4.15139271168958	0.35143747603286	9.36200569233664	-0.00350725003825566	-5.87797939042469	3.68041485910564	0.495667245452003	0.591133263385122	0.901819409546896	0.81432724106389	0.973194813604591
Coprococcus	5.85899207411326	6.21503643315539	5.63187664098197	-0.898142935462924	1.25183481676463	-2.97204111590193	0.954567980498828	0.144315885878905	2.26982661148537	-0.713631099425093	-10.3053268487406	1.27655937051826	0.253472304031464	0.0253388888633931	0.539020020608939	0.0638981278009916	0.661298693336171
Desulfovibrio	-1.21457776751003	-1.64857291235831	-0.779039887636107	1.38539261003973	3.78090881522272	-5.27144993878614	7.65686781220224	0.604224777207981	8.29766028077819	0.357194485806179	-2.02626750826859	5.45216763406003	0.351819798026945	0.254651270759135	0.825923797455055	0.276913199030072	0.881125750798385
Dialister	5.28785975329344	5.559126047925	5.21634204970011	-0.54324599905851	2.4187452305865	-4.59058356633391	3.67283178480769	0.267420127943909	4.66246385708463	-0.203962500397885	-5.02252359936952	2.94167323753894	0.411458356292595	0.457480609872403	0.880527241901486	0.575142011626145	0.952965204427853
Dorea	6.55657545483056	6.60667272258721	6.42285876017796	-0.491953733861143	1.10989742467778	-2.43269542267223	1.54671243354988	0.158266123066138	2.60795541678183	-0.432094901295752	-5.71946369237246	2.55693754516778	0.331022578078507	0.158488625665173	0.763548825569454	0.244716680378445	0.866466143592222
Eggerthella	1.03663980435398	1.35671595613723	0.775408291066754	-0.263952428884514	1.65644875247317	-2.98446102271858	3.46336937637022	0.244873144964504	3.85272638144785	-0.154397600524025	-4.51501032750849	3.79005502617576	0.438474885654038	0.830541028622284	0.953620727428278	0.659912093517937	0.958871990212729
Enterococcus	-3.26703963239062	-3.48367008840327	-3.02197011435515	0.735671799608554	2.45844017583444	-3.35707624904774	6.51229102440247	0.505321222965122	7.19659940442235	0.251225385289105	-2.47728053864848	5.10681759701971	0.381282527157928	0.320494489799347	0.820307622143779	0.419745163891836	0.897751406384374
Enterorhabdus	-2.13981919759279	-2.55001220302854	-1.56513231152633	0.990353223112344	2.09701234861795	-2.8126448389065	5.01740735971552	0.403411956570718	5.15106357596631	0.412288110213927	-2.07974159557277	4.97636408075722	0.309027833937531	0.196224179394873	0.758620744727025	0.226512603108965	0.819231943993613
Escherichia-Shigella	1.82129880104707	1.77451265154749	1.83681132830351	0.234091722420354	2.64395615027763	-4.740753236441	6.44016144251802	0.336557554191484	6.37607298497658	0.0857419512533638	-2.86356017180801	5.46230564460733	0.451388901215208	0.520816062010934	0.897812266937703	0.767985207516941	0.971322705663706
Eubacterium	-5.81817907147291	-6.53964549583415	-5.37644245014327	1.22520726681762	3.91584614763611	-6.03588894433775	9.31268885270638	0.597161619980268	12.4178490049696	0.270970718328021	-2.63292174411675	4.76264303736253	0.353552899714628	0.338799401926669	0.784384539793491	0.357292692794821	0.845692404887661
Faecalibacterium	7.72375642660763	7.75133321562969	7.61839519353326	-0.442532583256715	1.18834560184369	-2.45697602483258	1.28780208948273	0.122231136930993	2.81599223323787	-0.410091410114562	-8.94030524697921	3.26078581018747	0.384748730639822	0.170534879620436	0.765228579556419	0.405405304834485	0.908016462316737
Flavonifractor	-0.424427134830196	-0.518832185760997	-0.271468543096323	0.418200884541627	1.54424902352855	-2.29597957136172	3.71175331443344	0.235774070520688	4.08471840685973	0.203633238641127	-2.80765659607373	6.13506327455164	0.395833360684315	0.342203569709088	0.844210687815936	0.502354456688822	0.920046155558555
Fusobacterium	-5.67715392988558	-5.86852912601696	-5.41253568555091	0.618759595632001	4.6645495898572	-9.23828335833305	9.9527375843165	0.828264658557304	13.4538026039286	0.131747547718041	-3.3482001645538	4.01276227533571	0.430555573341227	0.576843311939275	0.895907104544036	0.624569026175063	0.94577454216711
Gordonibacter	-0.573049126185053	-0.323456175929673	-0.908373132928049	-0.594491128836107	2.28640075422759	-4.43920401327065	3.87807520845019	0.344923003978708	5.42698060107532	-0.244236646637887	-3.88452744836286	4.30276026497973	0.390625028852714	0.539328380567785	0.890010796768004	0.438967137738423	0.916869951613931
Haemophilus	-1.30350330522387	-1.40267321480878	-0.41611498965484	0.335847288202904	2.83486780456907	-6.69056928345158	4.23332371467771	0.30141732490799	7.0697042209203	0.0947040497300998	-5.9712393815493	4.36895770113202	0.475694450563809	0.8061454976692	0.947607092927396	0.842053336562818	0.97959412738326
Holdemania	-1.91095912047973	-1.75121944900926	-2.16272997636872	-0.398956337673892	1.27966754641951	-3.63564136522914	2.02062104269174	0.236036891886154	3.8852567516273	-0.283290944194117	-5.78444134152095	2.31152703485811	0.355286001405868	0.363212822520023	0.822628734330768	0.370263516475784	0.85930827184093
Howardella	-3.93206403316406	-3.88840749890814	-3.9668689990902	-0.267384913508661	3.39730454301214	-7.48621735144098	5.80541103764884	0.526410420900426	8.2303569337149	-0.0736481752531236	-4.92094921151913	3.36000044295885	0.462738310938608	0.59548092559563	0.894766761482664	0.644520509482777	0.945507937888567
Incertae_Sedis	8.61971391685209	8.64389229569251	8.59627311417984	-0.0275166187323004	0.476663047682656	-1.41662341579412	0.771355352591244	0.0838392029115355	1.55565299643878	-0.0465564943523873	-5.44956969252264	3.26285038146041	0.475694450563809	0.637081318836704	0.906046305040552	0.768324675517981	0.96599730709804
Intestinimonas	2.67084466360469	2.81743535289105	2.53841014784841	-0.468796396531705	1.28910327552902	-3.02819932824622	1.68107187098999	0.141675387833076	3.04730552773725	-0.362506242798682	-6.2514811116343	2.24874034327397	0.341421187979488	0.190140627213063	0.778520479727173	0.273772908592955	0.864173154955916
Lachnospira	3.96365846896963	3.701485671931	4.05476087242732	-0.165920916783729	1.9033778688969	-4.44157639688771	2.75543780534137	0.211484471297505	4.60276892494757	-0.0891606682794089	-4.97288520367826	3.79592071246968	0.471403820006168	0.614270440972113	0.909592588832137	0.876427389367598	0.982173788502292
Lactobacillus	1.47154493439829	1.08529460487272	1.96478678789939	1.69447846972159	2.62846754679815	-6.29529174297555	6.30008119348605	0.202857860150572	8.50692932787767	0.5736324384898	-3.85265890498747	10.5866772019114	0.239168200614901	0.185648483696042	0.787800810944139	0.0735192632444955	0.679838240940765
Lactococcus	-0.572292278413398	-0.466256795153854	-0.685860607959053	-0.242212500310732	2.51884972160005	-5.81308990713375	4.03349506828139	0.465822531871084	6.30892080433405	-0.0952969073752032	-3.88765027645029	3.0111518109278	0.466204514563806	0.656132058449293	0.916707908117918	0.764629937593367	0.969295193481828
Leuconostoc	-6.157608986966	-6.49190184569228	-5.81753985838591	0.687792862674392	4.12320381994123	-8.16601536262201	9.78316329226791	0.708562075105578	12.8905106291062	0.135167960531119	-3.26344876282839	4.62579819125502	0.433275580262402	0.521896387937128	0.860780762706581	0.5304590919916	0.90533167141436
Marvinbryantia	2.72091854450701	2.60040029521886	2.933460652192	0.0950261427144632	1.34875400140343	-2.87626466575918	2.17337273365098	0.201208004101013	3.23192273447271	0.0645380598656184	-3.58903345942173	3.43618636652987	0.472222229220857	0.903625014038969	0.966955492402418	0.858349153748728	0.981844092466487
Megamonas	0.558570620363312	-0.0106985236402251	0.830668182553712	0.561780132418638	3.87332943541897	-7.62511310031131	8.02565250200178	0.361896550408124	9.74695721564744	0.128509958178426	-5.34144062596995	3.96616331980642	0.451388901215208	0.801275610043274	0.948087194923419	0.791135166110979	0.973759511966701
Megasphaera	0.000850459930225256	-0.071844196523978	0.0960562965101834	0.293186102093149	2.69576755871124	-5.41458561307572	4.40686118657714	0.275197663253526	6.21854894502711	0.0984653957250606	-5.7359979996435	5.00428440665673	0.447140394662983	0.845997519979005	0.955662750866009	0.715752127129836	0.965397275471043
Methanobrevibacter	-1.24629783951735	-1.1433820233665	-1.3237476031852	-0.682291871458667	3.51162520091149	-7.74751371144687	5.27760766917508	0.488918019351847	9.22503805795545	-0.174979835596977	-6.82994051459599	3.04823464621936	0.399305581916431	0.393188619557834	0.865656075772338	0.55452495453463	0.942468519858723
Methanosphaera	-3.84293544761522	-4.10021100188089	-3.50647582855358	0.725552716862834	5.17381715029958	-8.93263950449842	12.418632818365	0.779101570872755	15.0674300371986	0.117266020884752	-3.86060050877145	5.51824755475169	0.422876969514667	0.546411200776409	0.888404445826648	0.652579956807898	0.954546621485196
Mitsuokella	-2.96508973350479	-3.04881209951411	-2.69372272559776	0.370993501584295	3.91161307882388	-10.8716738445147	6.81424666622861	0.569285346248344	14.1834246660338	0.0813385212821275	-5.18562292907546	3.59938345708163	0.454861122541953	0.672435683967203	0.920559714980466	0.787540729394445	0.973610930889686
Mogibacterium	-3.01681365133314	-3.29323540582806	-2.15181167826984	0.801141620410274	3.10311612588224	-6.79369221108852	6.46649489742441	0.565907644817949	9.85743926235628	0.221868670068416	-3.71564477689471	4.25653429069967	0.391681137633125	0.63226202483045	0.910386056808918	0.493850165894477	0.926734645240796
Odoribacter	-1.14878927290999	-0.0460811141134716	-1.98185526532645	-1.60825670262079	2.97046509330178	-9.31212148599451	3.29603222178531	0.521314744353575	9.2990589029671	-0.467457379994485	-6.92632899059502	1.50655920025599	0.247833706832195	0.0895918919502928	0.697244231668854	0.0776644263244495	0.682848117197747
Olsenella	-3.6588515829542	-4.12289750393125	-3.05768175130233	1.2445331319441	2.5202186768053	-3.99005034386835	8.45037143810997	0.38171355797411	8.81361730244371	0.433157435576486	-2.09940401564917	6.86373333310756	0.303819502685815	0.208065601293482	0.736099392082656	0.20530524042521	0.762286628632494
Oribacterium	-4.0007820461297	-4.12437236264375	-3.75258074587343	0.135400059856044	3.87881501934099	-10.4795071014878	7.12713084859906	0.601215017360463	12.7363679929972	0.0258489869640387	-4.82764561080835	3.68558964525248	0.482638893254799	0.609076074760259	0.908322846216162	0.740245411515729	0.960916674474816
Oscillibacter	2.5692474441243	2.3857372522569	2.71643383702384	0.402077992819018	1.55830822997785	-2.73297457803766	5.01135956397961	0.17070120406204	5.0552700843652	0.195218721964794	-2.97064008631989	7.954022280006	0.383015628897603	0.472570801593569	0.890212265433	0.493423589761632	0.940794758342876
Oscillospira	-0.832681361575608	-0.989185421996688	-0.595457679652838	0.398773125065943	1.70703147077563	-3.40247154527567	3.32022349733377	0.317165875931117	4.17945554375464	0.206892181402207	-3.24128271139634	3.92446674287211	0.400346646426004	0.590692496035706	0.907238541345822	0.548605660979887	0.942682806357618
Parabacteroides	3.62774024601094	3.92911101435348	2.98039003822271	-0.644228371049089	2.26255120713808	-4.36695388115877	3.58942869827025	0.29285630372586	4.60051746185793	-0.25324988358073	-5.01981119757171	2.57558555185026	0.383680586443565	0.437793785301183	0.876340117526791	0.460921769793674	0.930027864564122
Paraprevotella	-0.198191846740018	-1.54898249348684	0.836560521190325	2.80760841592858	3.30678372884161	-1.89435219195923	11.7520494758027	0.400480814507034	10.1890239026889	0.924805949013752	-0.886596296140559	11.0108614158246	0.128249774793397	0.00886301990791653	0.417417148145819	0.00378438318647297	0.279916934208312
Parasutterella	1.0786426880141	0.69865865690099	2.03857327788491	0.922940527111823	2.53486054839854	-4.47032600225577	4.74852224536296	0.343022394776158	5.38455801869216	0.35885770413568	-3.06664585899153	5.0214527426714	0.337954984662055	0.334844861561987	0.854195067898853	0.309078764695057	0.899296038438025
Pediococcus	-6.14454784618865	-6.10953015512062	-6.17751352048236	-0.168071574265547	4.89263276206315	-12.2258512562337	9.42002660773127	0.773284243539289	14.8502283635978	-0.0298564188589205	-4.98446585965449	3.63679317492008	0.483535532721773	0.577332448645922	0.894604914701262	0.611373243629436	0.933178989264923
Peptococcus	-2.43912413332658	-2.44795474133972	-2.42886684865473	0.0878073435794464	2.71417330762	-7.93353633096851	5.40887132253857	0.491165193802704	9.66954293039297	0.0248053666498609	-5.7516908684278	4.12108411702614	0.485268634539735	0.733578861866046	0.935365976355831	0.727458445192578	0.965288748142518
Phascolarctobacterium	2.56715592603429	1.17958513652109	4.1540457813856	1.8267110044852	2.37246894990535	-2.47700418908543	5.2335556170437	0.217263313732565	4.33285904981593	0.789827707257492	-2.52462108795126	9.33594021738041	0.232638982932401	0.0261786154324755	0.542590008851969	0.035415121836368	0.616322440016662
Prevotella	3.90833886483594	3.88384262866104	3.91890827140601	0.416827993236617	3.04150079520113	-4.56429840305664	5.93362941654443	0.31848186046766	6.1439879069087	0.126853022228165	-3.19127874857702	5.24171235856203	0.457539005506029	0.647083614629602	0.91997212810225	0.767866131546472	0.971565021778073
Pseudobutyrivibrio	7.5144439794899	7.7946414558842	6.9226818776333	-0.687525269118743	1.2811528016976	-2.41619291064046	1.68348140627201	0.177772123760902	2.82254747773085	-0.523013653110692	-5.48111090301116	2.76667645648796	0.308492257215968	0.177879407033596	0.768035693563021	0.158330615785144	0.826133962422194
RC9_gut_group	-4.27944816331298	-4.00797741520032	-4.92137351036974	-0.270695783292241	3.89235952777286	-10.3221166906374	7.06520362829986	0.590186832943562	12.39546155995	-0.0665219718224981	-5.17991080420682	4.38812019492487	0.469670718191483	0.63737591316852	0.913552884383423	0.735441102048107	0.96531314653902
Robinsoniella	-2.85370105359819	-3.2026327061576	-2.57491166094015	0.46141638574082	2.26640958129496	-4.04760173901523	5.77101567814637	0.357725719977806	6.8906230693311	0.184846111573123	-2.7607640904092	5.28022318219283	0.395147341143732	0.426870176769635	0.8461419799245	0.514376393730109	0.915467102364432
Roseburia	6.0963265037443	5.98396207117619	6.18978691001248	0.0717734643133259	0.902110990787715	-1.37676016603873	1.74744392367568	0.16149849541001	2.04532798041262	0.0777925921821574	-2.6199512271933	3.13779099777512	0.467013897210334	0.734854180220234	0.93815835412514	0.818888155188465	0.978233683413251
Ruminococcus	6.73758267429747	7.31724486014491	6.19280024773251	-1.04038965535448	1.24958495323675	-3.00929135298266	1.23202809635307	0.178600776363323	2.75894322664345	-0.773737076255131	-6.86598720601097	1.29816467882658	0.215277883610205	0.0263308229610082	0.540179534570085	0.0401142249778086	0.615889213021989
Shuttleworthia	-3.49675353510045	-3.96535002411748	-3.3065784427829	0.5641665411452	3.16113916176375	-5.17171351462251	7.12819225986314	0.590451200403661	8.70277995957817	0.165416282543441	-3.3209301990722	4.7224461962211	0.428076274882273	0.606986632100806	0.905785385169312	0.635039761902185	0.948324800584332
Slackia	-3.96460650397931	-3.81805363079477	-4.1126559716069	-0.669127024054346	4.53172230741078	-10.9627002065433	7.03190632837922	0.666066854970221	12.6747863244547	-0.106135083743548	-4.80787037258069	2.95800373822548	0.446180569232015	0.531393872373868	0.887939046874512	0.67210452569876	0.958972105225039
Solobacterium	-3.69972507314935	-3.63761646767678	-3.75569334436203	-0.00382822426464369	2.81104587417853	-7.51754091054295	5.27428018197674	0.51303713625764	10.2991159700498	-0.00144464210557359	-4.59733927301752	3.14253559282627	0.49740034727117	0.596577523231204	0.901822855892345	0.673837723808699	0.952904684087489
Sporobacter	0.428272695468853	0.70484085835564	0.153343127632696	-0.585373236976134	1.85093331652288	-4.1270015405576	3.28235396245945	0.254850001117456	4.81808776128774	-0.292657123371805	-5.5841803509923	3.98438249744178	0.361111148913091	0.506257819242069	0.890199262675829	0.36323109939596	0.90295463284326
Streptococcus	5.72504311849079	6.00239649427656	5.39005707417082	-0.478331411872993	1.35283711029293	-2.82703422960662	1.89781009778489	0.202274256820657	2.83056543493289	-0.354791408646052	-4.73067182729048	2.60590839459764	0.33448878136151	0.293501840935511	0.84350405302958	0.26025220425859	0.88079949872308
Subdoligranulum	6.4641967058957	6.50474303719367	6.35330229358563	-0.177694939711191	1.1660942521648	-2.27034713017456	1.84197433993218	0.183970304254724	2.49999432575006	-0.146870854761605	-4.23387128802163	3.70069959301602	0.422876969514667	0.520349609501481	0.887767410739585	0.656711588527572	0.954922588520135
Succiniclasticum	-4.75756448231972	-5.12373092619246	-4.47662991618381	0.053038198021043	4.94158324329579	-12.7023667058584	10.3189386581853	0.559497189751227	15.5187149694931	0.00921598860543909	-6.14270676477926	4.16623949690196	0.493055557300151	0.656478628900165	0.916282796714095	0.679912458864665	0.955724060078148
Sutterella	0.653385452115598	0.901120180244838	0.0695213203114573	0.869910349075693	4.25908394709064	-4.45370558456637	7.07460828278499	0.407629401191631	6.19276285065306	0.244374024107284	-3.48691556504289	4.68234324876552	0.383680586443565	0.433268523191662	0.87912723829309	0.416934869503562	0.925656115276603
Thalassospira	-6.87625608432991	-7.37654790402605	-6.19078914933914	1.19833607033581	5.22303408519157	-11.8082003201204	10.9834088843821	0.741604910428855	15.0746927687168	0.193185137013402	-3.14913256806904	4.48618982760324	0.38715280764326	0.578273136597413	0.896062072579681	0.481604623124554	0.895509815903817
Turicibacter	0.567960727548575	1.69704739814302	0.179015430282754	-1.34780437049696	2.86319315995065	-6.4397470115372	3.65377370162156	0.370356738223959	6.67242932704147	-0.411341633829612	-6.62594141557284	2.43432362243113	0.341421187979488	0.17178421182408	0.776074096573145	0.274950982647384	0.886167254881519
unclassified	8.30869781033219	8.40257834146735	8.21311935359649	-0.158832099210786	0.534022372339007	-1.07785876378551	0.811587794956818	0.109379802618762	1.18666170245372	-0.260963773047586	-4.17784515466392	2.75428738232576	0.388888918246793	0.455837393448801	0.86775513906009	0.400166300417848	0.895517366961314
Veillonella	-0.0548536413378384	-0.181679724357395	0.180946975763668	-0.130481281470603	2.26304994999724	-4.3440496985009	4.44988325489667	0.300175040848226	5.8350252132056	-0.0536605212390837	-4.84641860377163	4.70509591649304	0.48180243090411	0.830352595097102	0.952444165693137	0.869085273279352	0.980774672272517
Victivallis	-6.68957763838062	-6.72193884882285	-6.63764222108461	0.0113036820025005	4.52655634882618	-9.37352977711319	10.335647835754	0.759926816620356	14.1154620747764	0.00167811279850312	-3.59894455469787	4.35262936834675	0.499133449090385	0.530209850483096	0.865541157782465	0.55378614226331	0.912488204343137
Weissella	-4.4977336037184	-4.7591186371362	-4.13815774936175	0.678373953719301	3.72998116296813	-8.5181899671619	9.97760218682894	0.529722501780699	13.0453990197666	0.140527577487578	-4.85827272844061	5.87829205565204	0.417677664160633	0.546915356565117	0.878106759149815	0.53883923255537	0.910369733638239
