rab.all	rab.win.Healthy.NASH	rab.win.NASH	diff.btw	diff.win	diff.btw.025	diff.btw.975	diff.win.025	diff.win.975	effect	effect.025	effect.975	overlap	we.ep	we.eBH	wi.ep	wi.eBH
Acidaminococcaceae	1.85083399239295	1.8062662849511	1.88307828260719	0.0710468820130012	2.90937077924764	-5.17269561260939	4.72690382428557	0.444646999314394	6.50614048522794	0.0249420659235891	-3.24204119615594	2.88728612707814	0.489583335950857	0.923571722699737	0.968987369252466	0.933020520396113	0.976768778960431
Actinomycetaceae	-1.89179646106764	-1.87270825933495	-1.91384542412276	-0.00968858244781678	1.18095959703697	-2.5806663990855	1.97325687381407	0.207839437492703	3.19593870241581	-0.0084051017717132	-4.01742973675017	3.0440165043448	0.495667245452003	0.71077401500622	0.947931394833686	0.806933310529069	0.942917123755613
Alcaligenaceae	0.564264971112008	0.663657558498477	0.530070557740894	-0.0760519167021174	2.57784536688682	-4.92998074202739	4.19219278159181	0.278790499346613	5.1375479477194	-0.0341962662417137	-4.73372975938694	3.87196967357139	0.479166671908542	0.821987268111075	0.95988501516153	0.854841445513742	0.944408084060432
Bacteroidaceae	5.57197042540759	6.07853629353686	4.98328310842988	-0.957281180544762	1.36160442791459	-3.14935955134976	1.68741375406015	0.240574651350414	3.10056620659762	-0.64861982899946	-5.37877271574995	1.8058618117038	0.237435099410215	0.0418565239425678	0.556226566679982	0.0464532637185049	0.413438906523748
Bifidobacteriaceae	4.23171085883113	3.37658582570544	4.44916389027438	0.901657361457691	1.25482433647306	-1.37777490784902	3.01906913850573	0.206386493020358	2.55282827536607	0.659642529912321	-1.6363937017614	6.11986461774593	0.24131953316521	0.0396578938857448	0.544368370176416	0.039754001230589	0.391664899298706
Christensenellaceae	1.70782875391742	1.80448067244963	1.61727549685595	-0.610993890566981	2.33187045091898	-4.89566798063813	3.14158077710654	0.271391218420023	4.84263173041798	-0.260691199795952	-6.60854255348497	2.2825381131486	0.375000033489756	0.286998467270656	0.804087931237867	0.350083871636339	0.828037500219239
Clostridiaceae_1	1.91558028539898	2.0244479779516	1.80657625979221	-0.374917562564693	1.83949638061819	-3.22948896566321	3.32352038692989	0.289547195449102	4.30642012203448	-0.204095012492202	-4.545488798424	3.70161015192814	0.420138909472984	0.655432014334602	0.955013470998262	0.516064506303614	0.889829576212941
Coriobacteriaceae	2.33678688521415	2.54064303812946	2.25186141356844	-0.177329654079117	1.51295318379214	-2.35510863870831	2.93895008754507	0.170237680959543	3.18964857719651	-0.108015680699907	-3.5024574134289	5.42822469127121	0.456597233206607	0.881118756465103	0.966296865221656	0.757443846730106	0.926487819933773
Defluviitaleaceae	0.360269475857994	0.558705192852804	0.229218426440495	-0.465724929512518	1.79934259972593	-3.35057382152717	3.14189071313999	0.257682390283458	3.94247487741088	-0.231215868327742	-4.26105682902089	3.0281095913027	0.404513913780237	0.529933876327466	0.938246010073144	0.490083347737368	0.879233022902245
Desulfovibrionaceae	-0.203242805567259	-0.431662885105806	-0.155525523539694	0.358146105870063	1.7910849349967	-4.1282464527107	3.78383125127371	0.277276146684237	6.10944910166785	0.167041916748538	-5.35240153065817	4.01300339263797	0.415944562379157	0.698119313322643	0.957645066128085	0.539478763066882	0.87791121462488
Enterobacteriaceae	0.872825039148525	0.387705489760592	1.03410314892227	0.686775397906018	1.86049729095971	-3.70057924387628	3.54623945977881	0.276018491580313	4.81777315521226	0.314615996825303	-3.40160778425198	4.84811124317845	0.343750043493183	0.511010854210314	0.926689665568477	0.288167127500184	0.768667625162479
Enterococcaceae	-4.53784053006596	-4.64177135504193	-4.45731347592005	0.24872832550242	2.61227767459888	-6.63385743811042	7.475139856479	0.434429446611191	11.3785947323273	0.0745799829968926	-3.80270753296934	5.51759872985664	0.454072801888179	0.637164025946462	0.928570237311375	0.650161968911758	0.904225684734375
Erysipelotrichaceae	4.24293928311904	4.6736424782048	4.18125990879559	-0.0704768841867036	1.59733054040362	-2.89285273453618	2.86808675165923	0.182134299456306	3.22849405451268	-0.0428177403444886	-5.2256074228979	3.65721966056253	0.48180243090411	0.725671200614136	0.956862596160973	0.833907260035151	0.942941818142135
Eubacteriaceae	-7.701770778326	-7.84630664461902	-7.5953450510958	0.174296382998811	4.89845530447422	-11.6221259038736	9.10538895617268	0.843886845582954	14.0677991928239	0.0383629083409489	-5.1685122076545	3.61556331369629	0.48180243090411	0.589179798352274	0.903051424046762	0.598718567495778	0.873891005658415
Family_XIII	0.070654428703695	0.197187913441248	-0.0278599681423097	-0.212240730605691	1.51272971561402	-3.18147489855208	2.52694321268741	0.223916344281744	4.01500724572023	-0.133598304166155	-5.87795246860398	3.60952264491705	0.414211460599349	0.639172747471437	0.952983523940198	0.664314459076225	0.914092984495394
Fusobacteriaceae	-4.98435423275155	-4.47358669839299	-5.4045407018409	-1.0951048893538	3.45127438790579	-9.45382946801464	6.39031134087733	0.460584833608742	11.4571340439264	-0.274862889179711	-7.49083712466591	3.73482560783475	0.350694485617317	0.338291593233623	0.777995669024075	0.284109348327041	0.704384673400652
Lachnospiraceae	8.6182820669539	8.77682251687521	8.48883094487829	-0.365398115467092	0.704395605427887	-1.77045955517277	0.827726184329835	0.118691594589242	1.64325215412965	-0.510270832691231	-5.81608168198565	1.94365586834985	0.294627444853853	0.102690417271598	0.592157890377379	0.141216668840019	0.531090588543233
Lactobacillaceae	0.855861274716458	-0.0858054532798187	1.51691430994256	1.87223391793978	2.48690333881627	-6.72615456721961	5.68505965131919	0.396517793322305	8.82330941146526	0.631084411834991	-4.37779995402962	6.48862023165193	0.223958433065442	0.192537617115254	0.727156122861082	0.0344796746319705	0.388956825704061
Leuconostocaceae	-5.66478175623527	-6.09315656528749	-5.43938796360019	0.959528457885358	3.78692611605873	-5.41187499035792	9.97675114193298	0.622149007156688	11.7749854436803	0.229902691504586	-2.30054150016827	5.69983449611025	0.378472254663224	0.33025071899394	0.784310974305558	0.394366587501836	0.77822709476211
Methanobacteriaceae	-1.555864012787	-1.93890196280535	-1.36474265611092	0.358619414449894	4.74556188806691	-8.60903316665343	8.56200887919644	0.533496353705912	10.508351162676	0.0670803539606387	-5.59875408912739	5.49422466578544	0.454861122541953	0.930605527554819	0.971532383161865	0.667533796741731	0.920366226883622
Pasteurellaceae	-2.78589911643645	-3.28198954881551	-2.44663954664053	0.76254322909049	4.25973471259163	-10.2426394190552	7.40733748420408	0.61509114851886	13.0312489264109	0.139101953142737	-3.95911229430208	4.52620360682607	0.423611130756497	0.792059993763645	0.962494367331777	0.563438202196704	0.8969935742155
Peptococcaceae	-4.35628516787131	-4.47834926573767	-4.30731455316223	0.220536862979971	3.79051496498611	-7.42104616768554	8.79566415987568	0.572460677847266	12.1646073495816	0.051479590640781	-3.25140243936173	5.59392917320837	0.468750007879944	0.666074723636762	0.935290307208544	0.776184659377715	0.932306645748492
Peptostreptococcaceae	3.18875362823623	3.34749600009339	3.0950499507328	-0.152203474193972	1.85451584658544	-3.4050440285157	3.3340176286351	0.21044883118024	4.19837263155549	-0.091227711030837	-4.11487620060417	4.10578599033452	0.467013897210334	0.875847456660163	0.962805026829065	0.793278715590927	0.934626231180915
Porphyromonadaceae	1.53419637352313	2.15174218995179	1.22971216588882	-0.945817947099018	1.58610365630653	-3.59476090669161	2.90064627610932	0.255853953146586	4.16551340906816	-0.511246149834704	-6.08209959128119	3.63039227082788	0.285961937345015	0.165767117762641	0.676384678799387	0.0797529706410076	0.4542596810337
Prevotellaceae	2.28677032221055	2.0666271682735	3.18545291590897	0.728232847996198	2.62640647069914	-4.17211825499461	5.3589844035535	0.320202692318589	6.0864515676123	0.288622453281353	-2.87613255031368	5.28330116169384	0.399305581916431	0.28207853305069	0.799274894554808	0.388418493843996	0.834454668942742
Rhodospirillaceae	-8.28431776287499	-8.02859836865673	-8.44290584046129	-0.573693032787109	4.71174785398846	-11.7302353761588	7.98029569368131	0.750951091826025	13.3871549720659	-0.107054682056828	-5.78089270327058	3.15460319898254	0.440972237257974	0.469808881364717	0.832649802736743	0.522767628722359	0.824815532844689
Rikenellaceae	1.46868408377992	2.36081801609604	0.805483409481496	-0.86764356562044	1.78493331159922	-3.40274895790359	2.09875250227257	0.242996164996036	3.1630084528222	-0.520386824289238	-7.35501934552636	2.22646907927677	0.280762632928835	0.0729169794225015	0.579412540344877	0.0703967253637465	0.442614575778658
Ruminococcaceae	7.49962686433653	7.85257068001578	7.34997869031482	-0.467473891859887	0.863058916393127	-2.52899438455004	1.45056805225913	0.125435180729712	2.4723113094565	-0.472923976190854	-6.99848883787913	2.2941480058898	0.262152854990715	0.14524020832408	0.641634299888223	0.0781657384030947	0.453518762397297
S24-7	-1.44330530295058	-1.78467126667392	-1.17972039492658	0.969752919572641	3.26052703359458	-4.67398125529998	7.44863321030454	0.503567116581914	7.30110812955667	0.325960508775712	-2.16788034252104	5.2827768091935	0.33448878136151	0.25586461937269	0.776746290125116	0.24035785693581	0.733017850700603
Streptococcaceae	3.74071051310661	3.41094632457468	3.91704884327885	0.599238392638616	1.52595481799435	-1.72546336485759	3.706569730611	0.210073359113515	3.51281161494003	0.407279265817059	-2.41258585414777	5.55253395974974	0.343750043493183	0.114929372869744	0.654815288210818	0.214709656241969	0.706334063049065
unclassified	2.60978905795306	2.88793601452037	2.47530264032404	-0.304296162866704	2.4099620086092	-5.30512400597861	4.34175541769205	0.30638043934169	5.60997536559593	-0.114681952504019	-4.63835866533506	3.63504819576577	0.427083352046015	0.715812235313286	0.957421888279173	0.627392511801111	0.912427792631784
vadinBB60	-7.79677839298018	-7.71310508305711	-7.84600712549669	0.082994776753222	3.99008550222098	-8.11499666460337	8.65093497160543	0.769295355731882	13.3051365160135	0.0106187645474359	-3.46050530693337	4.66328244043234	0.493934143632913	0.543079237411959	0.882783208107498	0.586699244801545	0.867839725905149
Veillonellaceae	4.14095540768094	4.71747774308594	4.06979885854295	-0.296175563573509	2.37844506758114	-4.36979252713761	4.00199716729905	0.363611126091326	5.35505104396116	-0.130819167924733	-4.03721118293791	3.57954123019194	0.457539005506029	0.816426637478045	0.960206251136187	0.772144889231696	0.932254651395521
Verrucomicrobiaceae	1.82640306045408	1.20074869500907	1.96362848843016	0.56452954225054	3.50740891725651	-5.4473834294225	5.7377970062165	0.408645214066433	6.97452293613016	0.163494077483591	-3.92997940959556	4.33932213155875	0.441941089254363	0.750950111577467	0.961454959241978	0.795161836024976	0.942207874071904
Victivallaceae	-8.86711168624195	-8.97738283845892	-8.7801198607296	0.244252218099142	4.30457081449866	-9.61804349234834	8.52315809572599	0.771525590044826	12.4889775392896	0.046620672310009	-3.44347351203697	3.4166017062691	0.480069329086776	0.485872207941891	0.85026488359586	0.48839555414362	0.798161162077664
