rab.all	rab.win.Healthy	rab.win.NASH	diff.btw	diff.win	diff.btw.025	diff.btw.975	diff.win.025	diff.win.975	effect	effect.025	effect.975	overlap	we.ep	we.eBH	wi.ep	wi.eBH
0	6.46180790818824	6.6083941559395	6.25692157808666	-0.281648043942106	1.17117356596943	-2.14066186580363	2.09379563591323	0.174431295788436	2.78123441921279	-0.2208430218536	-4.33797160410694	3.02671266985846	0.401041670304498	0.309074627441122	0.717610443999256	0.236864094797519	0.689271200593118
1	5.94948820467579	6.12174772400597	5.72605350926399	-0.323070358099482	1.017056860948	-2.03595086600837	1.89509724165355	0.141788369163688	2.47368438037539	-0.292273214074429	-4.47634926454349	3.6520148793922	0.359141189522105	0.26330766775545	0.685258101171255	0.091599018589523	0.57882888933246
2	5.64099819364232	5.95555988596917	5.23353103141335	-0.564842984531655	1.30091115037047	-3.00048578839153	2.13353552390641	0.196653489830371	3.37810111020425	-0.397076723037463	-4.8109412883438	2.68142222164863	0.330513995043689	0.0365931714966728	0.540543534963618	0.030904507448819	0.495210150469864
3	4.88202529564378	5.31174317029077	4.63105824184489	-0.427284425115073	1.77518703688199	-3.31629871741149	2.92987606227089	0.326380456239823	3.82065889217045	-0.236969068928626	-4.09808970615652	2.85140353397563	0.402343753586143	0.277121122529042	0.694025525521161	0.223720343255022	0.681314337576004
5	5.14312938776832	5.21392602674293	5.07478008752055	-0.214007219517276	1.17749939542534	-2.54635062743125	2.03885182278132	0.158137629873772	2.80840555156822	-0.164152529256101	-5.00873922296589	3.12414302334449	0.420949905267292	0.219492832513958	0.658193576854002	0.346017908013215	0.759135074050701
4	5.2589011151125	5.27797692203455	5.24124695189635	-0.185752055600622	1.1471836131151	-2.44113374129681	1.77699575844528	0.190832071962111	2.80184558604207	-0.148434769694738	-4.19193483206091	2.5496057965365	0.429036460891383	0.309517876835775	0.716996871261002	0.441844439286823	0.813862056662067
6	5.13512077330153	5.30914344313295	4.82695510894997	-0.537940864742755	0.974179954904995	-2.188340865405	1.39245326092567	0.18187320779456	2.24476811109739	-0.509371946383261	-5.05033386708963	1.9433942048749	0.281717641263225	0.00937730252002376	0.37098440148266	0.0077390047475383	0.346207492690478
11	4.97636459808984	5.08371069408391	4.57011283550491	-0.542295578359961	1.2067849102347	-2.70354111391473	1.55621960294802	0.20459887783595	2.86351060358497	-0.399559288503587	-5.23904803817948	2.19634829820416	0.336588548128808	0.0304657797214121	0.538604414398892	0.0478709126099746	0.525995998422785
7	4.23356896921055	4.41278703615558	4.06308583768653	-0.231796599224539	1.68362488169541	-2.9830816592179	3.22189349535484	0.239356012728224	3.93973673701216	-0.123418875017757	-4.53071409236824	3.75533595003162	0.451528954230932	0.761855685260189	0.93994500579057	0.581316708018271	0.885223334887414
8	3.87042792191582	4.48365174022719	3.68709226960999	-0.308215113421142	1.96037350406172	-3.9861289716834	3.00559745853403	0.309730441235967	4.40516717796991	-0.136804241433901	-4.8079096668078	2.93788052338766	0.451528954230932	0.237512453600953	0.669733370041138	0.432823492985846	0.808332165948556
13	4.42723496448033	4.55264493755551	4.22926764216491	-0.373424526088176	1.17892205831906	-2.7005432659795	2.06518230798556	0.169191162210789	2.96852724944529	-0.283692126589756	-5.43998639003246	3.07174693882924	0.344401047751942	0.151825662081998	0.59978678365467	0.0503314829960075	0.529468314045691
9	4.05622782407337	4.24948729304696	3.25482411407313	-0.268590405556677	2.00616499797063	-3.39259220951149	3.38184464024605	0.292050949225283	4.2953061552121	-0.126372403971655	-4.57181498791317	3.48877263755606	0.44270833538387	0.443963776766611	0.827510288610958	0.453282635480588	0.818825640824307
1143	4.06735187856412	4.35993319851196	3.95201564847652	-0.0530001649366252	1.63601328791241	-2.73742209944046	2.95227427933709	0.261247231796514	3.3651272307735	-0.0295660396496025	-3.96291185058421	3.5461866385244	0.488932292057784	0.873677579311362	0.963496506707168	0.816220076361069	0.965215762815194
15	3.65598197443732	3.24091524606265	4.17500339256359	0.923330825837565	1.48867047449545	-3.03812517164984	3.52062854820102	0.24419011076617	4.69893627549579	0.530065918129087	-3.03800983001105	5.28003717664622	0.27130775255655	0.0179248592285409	0.487266126559555	0.00325005661188111	0.233396147085383
10	1.8717233244386	1.65933237147919	2.10743962881541	-0.171949782415221	3.90449637067689	-7.26604042794752	5.54771483727285	0.560804390451549	8.13073346099453	-0.0441251547563061	-4.33031151289817	3.17985118722738	0.485361093555222	0.554562903882691	0.877442006508258	0.853817612746562	0.970113519811562
14	3.49422895991901	3.95216817078124	3.13106435986298	-0.659551183282486	1.56723031075779	-4.10749446700163	2.50310956104415	0.26439657918719	4.18564717153262	-0.345865190849177	-5.5413469966673	2.5365219294483	0.329212758934831	0.0535899518022055	0.547640469760551	0.0378227330209981	0.509298791167001
12	3.72897372790245	3.91157007871537	3.20027777727498	-0.626428761287221	1.62906366976892	-3.51610183183513	2.79295218735987	0.274752440045885	4.06638606732466	-0.350046622912816	-4.60716479485143	2.74763682258766	0.356770838844616	0.0925068071553121	0.570519983449392	0.0666023208510095	0.556844155619349
39	3.67124406152411	3.75673757846996	3.43491520881774	-0.188465005031769	1.43803413047115	-2.79070149820295	2.47806448397548	0.220224649111756	3.23573514385665	-0.130195627281251	-3.97817675429559	3.33869049017944	0.441769683279473	0.525962876649023	0.864953594919117	0.506669244817144	0.847210050868426
17	2.37236918993071	2.40114728626367	2.28351233005355	-0.370530805833068	2.73710537612502	-5.33530674559741	3.78316376957205	0.324752017192802	5.89279228399873	-0.149364918815233	-6.29989534685087	3.46973486173598	0.437865974900216	0.120061072910352	0.584755945920722	0.426721494337041	0.80566474047778
16	3.8703227009131	4.17475874490604	3.43032797554907	-0.592156967508616	1.33185982433304	-2.7861952604908	2.11762076882841	0.190658678850541	3.5237287250869	-0.399496348145872	-5.65285677399889	2.82837237861384	0.324658432556771	0.0583352857325451	0.550232266554862	0.031208268375961	0.492461493769302
18	3.71854583830703	3.9461016642607	3.39264874090142	-0.503003327955511	1.41635198044511	-2.97749836830467	2.30455292722744	0.197187434513559	3.35153588802498	-0.325065446745225	-5.59980395713224	3.19955169552338	0.368900460398642	0.146192705253988	0.597137676341234	0.123106938610858	0.604757161699035
23	3.53758002030867	3.93723919733627	2.95319181743982	-0.835679285274529	1.50707313158456	-3.40359815972424	2.21999116023709	0.257762688879627	3.37660156092385	-0.534766474337605	-5.52488140156514	2.1681983395857	0.294730002202586	0.00765660983222282	0.364184613281953	0.0136978154943306	0.403349876955566
20	3.79378112570099	3.9082147073576	3.66615984600156	-0.252511904789358	0.881801106987613	-2.70014651693917	1.49685143329126	0.140827567568126	3.04794709057634	-0.255970485088706	-5.49552898119921	2.73202817939025	0.361328130306218	0.104803957224474	0.574877546819562	0.0901566063247955	0.572037288325821
1090	3.55033034357454	3.76632676353126	3.50313601654465	-0.00692952214834275	1.10682756102437	-1.75805389103653	2.13923745697168	0.17218971998709	2.41338378602846	-0.00554016919962862	-3.52460366835855	3.7058675372023	0.494469746454051	0.92443237552955	0.976100852646805	0.86213245890821	0.970604353261447
22	3.39205194318431	3.55678032961468	3.12591642851609	-0.336968643402463	1.46451934619984	-2.70857432871793	3.22371972329448	0.223004889267006	3.71713471780956	-0.197496977038075	-3.99551670900559	4.26594376828362	0.4176968149555	0.694343504668614	0.923567031714556	0.314706847000755	0.739772818482415
19	3.20245764626375	3.40069773723142	2.9436929478366	-0.230913086097946	1.8832343507687	-3.83336565176066	3.13720888101926	0.28092646130167	4.33264669045378	-0.120462303394727	-3.93013419437798	3.38412966740533	0.447265626883597	0.540239046213328	0.870214897758551	0.586356689402092	0.887894899773881
21	1.37909982327714	1.06720631627937	2.24454049024819	0.895002381518617	3.25473451649351	-5.37113701088507	6.87851102722723	0.532806948786202	7.62046405743245	0.246749974795463	-2.87486959895551	4.68048429159212	0.393229170618135	0.172106097628921	0.620173209228746	0.180063513352928	0.652298774330499
33	1.77037007748063	1.60973580617927	1.88427008293265	0.115320779959121	2.07335678956123	-4.90295077362607	3.83825393976867	0.319632915008042	5.9382854419244	0.0447822022915498	-5.76777541321215	3.65597885282633	0.477213542473188	0.473790972260903	0.843320803275666	0.831455810062204	0.965240310433822
1489	0.925352164289845	0.742727251483688	1.47776475575268	0.135527906954122	3.30982015101412	-6.5763044542149	5.91306072113983	0.415465326822032	7.59858226647779	0.0395427280549272	-4.73070280305332	3.82764959060337	0.484059857426887	0.816333514055498	0.951109481348974	0.786732283285908	0.95649710654799
25	0.948152782230167	0.6701265647947	1.25118826465864	0.480201309576456	3.01091203125456	-5.99421820559248	5.09625241207467	0.349771939345022	6.61189274969844	0.156023084194175	-4.94368443426119	5.2262055705876	0.401041670304498	0.702983791485574	0.929929623031811	0.276057110262543	0.714024152448745
997	2.57011446071395	2.7207625321723	2.482827378833	-0.0290281411194426	1.76959855604729	-2.96007574101359	3.01993971548878	0.240747371062877	4.08639500434845	-0.0134974199474183	-4.3730200319804	3.53255718175137	0.495120364518276	0.819112589069235	0.951270445360565	0.941612655752965	0.984777213432381
24	2.37122944435812	2.32742247854207	2.41553734768483	0.0371938677812782	1.55718931388693	-2.75345514035188	3.7849195323186	0.23557891840031	4.09701893763055	0.0225719306738302	-3.8646580086861	4.62206161351942	0.485361093555222	0.747245860434858	0.93733968117045	0.837607391036844	0.965747243642107
34	1.52635134796668	1.18632314272111	1.90909703952843	0.402180547684428	2.4879773460248	-4.0836821812561	4.45367358098975	0.236178330280368	4.99073648352529	0.165314353230337	-4.11805012911671	5.77380877387723	0.405985689840014	0.489065276438968	0.848774960004712	0.260106435377279	0.703294889633814
30	2.78956466002008	2.6459266357979	2.82878609199588	0.372462229665765	1.50606445709359	-2.3509198072073	2.78470137413099	0.210627985656581	3.39831262809213	0.229116083705866	-3.10200673088986	4.32532360060162	0.401041670304498	0.242482456379748	0.6736772097852	0.284576749878076	0.719670969126849
31	2.82462471989698	3.14063716783254	2.63351189534144	-0.519648972115746	1.03053919752347	-2.67429576234835	1.30339209501044	0.148478414665069	2.69756606414446	-0.454188410389913	-6.85694969710531	2.0868696797605	0.300781258364551	0.00815121547539214	0.364219898940618	0.0157986957239043	0.403839344042733
37	2.62884266339207	2.98925639525971	2.3095838052847	-0.554724877114132	1.34488324183584	-2.94460653287488	2.18825790279165	0.231990063839006	3.39099386546991	-0.355518705537224	-4.67559570732281	2.5520742168132	0.342225120039178	0.0646556320776896	0.553534421486932	0.067613276046687	0.5550010884209
1356	2.7131265051409	2.71876992667054	2.6993125741421	-0.0045041466542175	0.88406971682263	-1.6445245772974	1.64873709258841	0.141299154438198	2.15167629342994	-0.00335296531433301	-3.51747108072419	3.56096018353834	0.499348958356329	0.902502209208313	0.971112247113653	0.877123550712737	0.972813529872827
32	1.32730059759852	1.33961853591121	1.31849938355789	0.188132658982895	1.93051258609356	-5.76788791231974	4.74704394134142	0.271998503146234	6.70752883134211	0.0834699734050395	-4.90009554659851	4.4736299324101	0.458333334815344	0.894890268130052	0.969059784031151	0.681416122818418	0.927502642932802
26	-0.100083013978626	-0.225710314970119	0.0870362878447812	0.375300331957169	3.79371826015422	-7.15028682597274	8.28530647024844	0.619245160618838	10.2963131029947	0.0861168530335209	-3.35566999569984	3.95501955856673	0.450878336167367	0.664768690808587	0.909970250849381	0.522697403724721	0.852769828958455
350	1.08182206261266	0.548063122749321	1.52812107514724	0.970294948939548	2.53770551467649	-4.74122851744462	5.99519175925845	0.364332337989803	6.85256488607937	0.347552047994767	-3.47692237832393	5.28390552069214	0.307942716291171	0.0593441282990082	0.549457762897732	0.0267150108447313	0.47297421550882
1444	2.39781774542291	2.76059142425711	2.15947888792737	-0.511404803290992	1.39001688484041	-2.85244248334361	2.10793776722166	0.2187548983102	3.44853937774395	-0.333517721702951	-4.4176262392558	2.65876063493593	0.360026047031142	0.0985688694031021	0.571697184393179	0.094634791290747	0.583354241166621
28	2.14611018851181	2.62966960443737	1.83106585928145	-0.556672281959681	1.66742061796524	-3.60623225980744	2.42966440044273	0.27437721954276	4.11317582143928	-0.324444764860645	-4.46521948391174	2.39550550710239	0.371744796515869	0.0835305559571376	0.563820749428831	0.111296441464957	0.593002574387733
27	1.11952369783906	1.03985164134158	1.44738903385942	0.169813766511898	2.92278061679841	-5.79476635854297	4.60342314086296	0.446409416676498	6.33171811378328	0.0468026021078486	-4.1799655531382	3.77588663362691	0.478854912913794	0.896102712558746	0.969333131576795	0.838006610239209	0.96690111483016
62	-0.428887012314495	-1.77229063079366	0.238363387863544	1.75764994138888	5.16926362058451	-8.71604449901615	10.9872692266038	0.627850735681133	14.4380089026776	0.359545419247308	-3.6752989995379	6.61554427186667	0.30273438325216	0.0847452414421719	0.563070015006732	0.0159059450055432	0.412126113548448
54	1.72975554871768	2.04165343075799	1.39889316212157	-0.698304024403782	1.63104382191561	-5.43417958943126	2.50861118930998	0.270422792781175	5.53524835572789	-0.355942002858518	-6.35304368918837	2.4996612186462	0.335286464859453	0.0359769003183617	0.539178296696932	0.0453755025112496	0.521972030989792
1031	2.29571925435788	2.36572138043427	2.19917451012729	-0.0447549029116505	1.43852509617499	-2.70151310313415	2.86078336810213	0.244685974864339	3.45894390543081	-0.0286736200443353	-3.3085489187372	3.69446370768698	0.487963565811953	0.871481879473883	0.96182590041037	0.892315846247406	0.97742683704951
46	2.38731666112991	2.52908168174573	2.14334006917671	-0.3820956671654	1.23554445976043	-3.0020305238873	2.01959905876072	0.241388970718333	3.16314152853679	-0.29102900405206	-4.38403077871277	2.66740925425715	0.365647370104901	0.131227707256773	0.590509765462724	0.130574301172275	0.608311691908455
1354	1.42451364949316	1.31056259727575	1.55555435190924	0.42404736167838	2.04325242198663	-5.01246160416105	3.74294212661859	0.303636994928293	6.36046820964895	0.177584906778199	-4.51209603574534	4.23466150558323	0.41406250312782	0.741920118947554	0.937548548588393	0.353028199607597	0.759067468063587
29	1.73097940889374	1.80330400700152	1.69187551720307	-0.0968424221859152	1.9666350645203	-3.6257283252961	3.22060423850488	0.331788449863175	4.03470399098656	-0.0500445656926258	-3.78256400227489	3.02968302016677	0.476252440657424	0.708236694726662	0.926301082037594	0.815624220029291	0.963648575229938
40	2.18544564587944	2.3662778419348	1.94566327053069	-0.491739875966399	1.49874483968884	-3.59774636029734	2.05642122561747	0.271383031077243	3.62937424834121	-0.306698191957038	-4.75022267859142	2.13986726217485	0.358490571464183	0.0462377555454384	0.542784787110586	0.0762494211610451	0.565051241443802
49	1.67962818305811	1.76274745846318	1.56735236538926	-0.0805123250358553	1.84846609050056	-3.42471116547554	3.2991742066031	0.301094852406576	4.06781322371422	-0.0421068020833901	-4.1425586441304	3.79350146778043	0.483072917265239	0.811064240226981	0.948886093700612	0.869162212382846	0.971794957619559
1504	1.8575451322491	1.38336173683019	2.0403408847633	0.389530940761141	1.87362721647855	-3.16865925449529	3.57846523049126	0.286881780914407	4.38155077839783	0.181956928580827	-2.97177216822815	4.79686650280902	0.416015628052558	0.413108478544161	0.802514336380636	0.362562253568893	0.765654935643505
52	-0.612379156870024	-0.855490826989062	-0.270594173919662	0.525234206301989	3.98873553247152	-8.37871909746926	8.71122608498659	0.478264492837293	11.162108207101	0.117237933729371	-4.19074028550115	5.46153078552161	0.419270836261113	0.643890319879746	0.901155591658794	0.346080726790469	0.757244278704618
50	1.85441077456894	2.16005173893444	1.60737182968311	-0.453115925946355	1.57611717778183	-3.55018233385193	2.64378542391298	0.280851336582604	3.76777300366761	-0.281959134266458	-4.93462230304982	2.7192769912576	0.369791671600378	0.140982938502577	0.592489219341884	0.113325928558482	0.594820576282736
43	1.92428184110103	1.92913556427621	1.91887890423835	0.254789408909339	1.47534187010738	-2.11971832105425	2.98887831608661	0.240342059775867	2.9823363676065	0.15389338160982	-2.8601100592791	3.93714243417007	0.430058558144293	0.278483548608642	0.698990890941895	0.412760269537378	0.793308860838543
36	0.362102115325374	-0.0788471819445551	0.685894440758681	0.118214091983325	3.22908581411245	-6.01845138892414	4.94834109689488	0.368044386403506	6.89541706873915	0.0351938518595028	-4.96544610952256	4.2170861094166	0.476562500829665	0.773471419099796	0.942957753630556	0.799146790503045	0.960568724765247
41	1.7364659228355	2.23289617323058	1.26682897158558	-0.556284422255341	1.87016966844511	-3.55112211469646	3.0919360694664	0.323495730969757	3.9709539916286	-0.291786566023428	-4.56093209092916	2.50644593386077	0.389720238311584	0.162899980409363	0.612008647610819	0.163099428653974	0.636323387953483
42	1.1458071731536	1.26942078497784	1.05677990149537	0.00363789483168819	2.10448576036429	-3.83465684382813	4.97835032424111	0.333744867980516	5.20140897344939	0.00178186325995501	-4.00719973737686	4.24403044482868	0.499674690967884	0.828930826684962	0.954169726830476	0.907979473861223	0.979128776288187
48	2.00288881485369	2.09896616453492	1.72587425733222	-0.256217275325632	1.42412549900571	-2.73357166626037	2.44909548423917	0.214175002461104	3.40002660394217	-0.154340007686963	-4.26717448154399	3.18777880903174	0.445673391659517	0.467396069640719	0.83418712793813	0.486006169439656	0.832438245601893
35	0.642065706944077	0.453755364249478	1.28929201203354	0.731551068235552	2.18272044867057	-3.83444051066611	5.5703475753795	0.273614139291014	5.61410814899931	0.283621571460945	-3.37578587183704	6.2327771866548	0.347005214295542	0.0813248168732339	0.565345407204248	0.0891598859018445	0.5767028241246
38	-2.19753518028185	-2.50412796259061	-1.8829080464618	0.531909721695687	4.08446955792324	-9.59314959655877	8.9629579855687	0.579031944414938	11.7551988684174	0.111954782267204	-4.32688254564744	4.26036174437142	0.430058558144293	0.876825049360419	0.964780245213671	0.437597448159853	0.806964999114939
148	1.40983695914383	1.54819294638964	1.02307114504044	-0.40127344612688	1.75203022463952	-3.91810052223443	2.48100031634417	0.275484480730879	4.14177179137677	-0.21060520868443	-5.11806564578889	2.64726705918717	0.402081981470828	0.133042878786027	0.589452337130047	0.286055066066088	0.718970851303373
85	1.34111499123784	1.53503048888944	1.03196695707832	-0.443975133248011	1.91813401005573	-4.13448337324834	2.66265521772991	0.304911605752099	4.21455091128589	-0.224978184166074	-4.64686893817925	2.66616558930523	0.394531253898764	0.126222612638815	0.585507053605139	0.201282247562824	0.660976045814567
81	1.53533672691821	2.07130923166093	1.33728456213291	-0.538245961679832	1.51158525027561	-3.51153963427673	2.15587374870044	0.221226385897153	3.67725396046178	-0.33112504292048	-4.97874362661543	2.69349261301707	0.37865973128858	0.0621734298360829	0.550378649820024	0.138256144070117	0.612511874858712
47	0.170090992793179	-0.404335803055218	0.66262248485521	0.730725360845089	3.11308506045785	-6.15845494021611	5.82451022833414	0.446669799197415	8.03798485695272	0.216312281991644	-3.36861344226835	4.79203923227027	0.402081981470828	0.522415777144779	0.859932597955888	0.238236092650604	0.688702788494276
509	1.34703303277781	1.46906287774195	1.19687638284396	-0.19956864395081	1.89319505780583	-3.38715511170033	3.44149796798187	0.237012839870703	4.10426334917904	-0.10486236204881	-4.08424662515179	3.6038726388682	0.440104168813064	0.861588840984498	0.961102152535743	0.47299785891802	0.827068464690053
51	1.42999865159499	1.38279793295859	1.45594978210831	-0.21073544779787	1.84137430584058	-3.6039544582608	3.89627489790642	0.256228512338203	5.18820126824645	-0.0992983569891352	-4.8283869114808	3.61275307934825	0.46193884325025	0.692488938342326	0.921722932180985	0.633535309958649	0.907115879014772
672	1.75432361459079	1.74847470448342	1.76057846692466	0.0254114181111436	1.09549095023417	-2.0092563617626	2.84782984552063	0.183985546700005	3.40546539210688	0.0177404937251309	-3.76130989343622	4.56018114532971	0.486979167126891	0.679553897617511	0.917437167109048	0.8824003039603	0.973303161820804
785	-1.1686162147622	-1.84640499554751	-0.48295217001732	0.832932376281525	3.84905515260467	-9.38960688709344	6.49538893655284	0.45441816412094	11.3650924957826	0.177403033096287	-5.53685661804267	4.54161856526018	0.409889398210568	0.836065680101083	0.955398073672487	0.207685256837777	0.669243916000934
44	-1.51324223568497	-1.74596904414889	-1.1572499753401	0.0601162654168741	3.86105453777831	-7.98734214863064	7.25972871911431	0.511262533686619	9.29337678983852	0.0125599484355758	-4.70820448907708	4.99417537153432	0.492187500276015	0.879678896952713	0.965366969010861	0.867457721684305	0.971165424925804
59	1.37397175798272	1.4377645918683	1.31104627571503	-0.231119829557508	1.57727718995954	-3.03601646959068	3.25123153043905	0.244687489442574	4.10666835697147	-0.132825821768312	-4.2908084983612	3.51313492412515	0.439817829089743	0.503322632416334	0.852833235758713	0.446824251838007	0.813298916228085
60	0.944851068274183	1.28795036385267	0.793702169216874	-0.360941912289896	1.91200888613162	-5.15905338344068	3.03180838770371	0.302104054322273	5.62934791228808	-0.157900513380621	-4.7656163229605	2.92404368285736	0.413142488520356	0.176863495252653	0.621860595102925	0.351988257939267	0.757397649658716
84	-0.5943407892827	-1.55179859582866	0.0998462387748962	1.94127291187673	3.01623611158832	-4.70821091754066	7.51411383781199	0.427576019253546	7.25776365837554	0.604990879956513	-2.18893191038953	6.98188037583058	0.221210163913425	0.00113987381935526	0.180558816236895	0.0003481322558022	0.0558796075875549
56	0.89416021429677	0.878315009640107	0.915531643527441	0.033012728606816	2.29943746823711	-3.9113960724428	4.65709657796963	0.367292651321375	5.65491696228787	0.0128354025062633	-3.8825797225497	3.675682005617	0.493168510325608	0.919909102302362	0.974875494303689	0.91137080516947	0.979069359412883
72	1.1989392826821	1.23947897504424	1.17238104188132	-0.0128990555537616	2.02527844380927	-3.28775471672664	4.25098950103484	0.35529860483641	4.73536616196098	-0.00495486876922329	-3.48414620171724	4.19060128890262	0.49674479178165	0.763494094307636	0.941106470016813	0.86888031365162	0.973038730511464
70	-0.705155108379275	-0.678643007209252	-0.773327313561619	-0.697374556998938	3.5739527578712	-9.14536286231828	4.21391010320145	0.39472177373912	9.77277011349354	-0.184023348631603	-6.7361225327683	3.37141872776187	0.405598961790948	0.0679264276452645	0.553965102701435	0.269779621954739	0.711922604405788
61	-0.275450084742547	-0.686433475876308	0.017754671949608	0.704900745959815	2.44953838508243	-4.75730480673554	5.49625253743086	0.37079351453567	5.84180847225002	0.245302189487377	-4.07776229555215	5.48322057062337	0.360677088668647	0.263467239609976	0.690561614892826	0.107468968847883	0.58964815256633
53	0.647636764384776	1.49497825489172	0.256896510018885	-0.706800136350711	2.7981618581776	-5.00123383731887	4.54510110971838	0.429631711863979	5.73025192964828	-0.247165133795343	-4.4566875170123	2.51424861664713	0.407286925963383	0.230592309682459	0.662677508566319	0.231090642298822	0.684099086063178
66	0.500497811200384	0.190111952249131	0.836000234563597	0.330706593640687	2.71842274321837	-4.56791153997027	4.58427654472804	0.450166719037763	5.6143549396649	0.118636252778308	-3.2328680860783	4.14951951009864	0.443359377026625	0.68054184941533	0.920332048103966	0.465979487278225	0.824294938481007
55	1.17637251518295	1.56071198057195	0.941179837722707	-0.529207453399065	2.32316042523582	-4.63242009561082	3.65620643764473	0.388445865191999	5.34216267552032	-0.211296495780112	-4.07126354143755	2.68884782135211	0.402732599532261	0.233269567617075	0.662590370620123	0.218291254938933	0.679648516037877
58	0.205033912857669	0.253300436098119	0.0949625199685329	0.0821811189121604	2.39851540387726	-6.78957926449436	3.9154250301797	0.337034712140173	7.51523833419264	0.0283136258499853	-5.14111509711201	3.58666536780764	0.483723958908833	0.577302732916326	0.885554163545732	0.892096768341129	0.977565614408163
301	0.554529285088989	0.29197102806024	0.873259842477914	0.517571923018901	2.39041295609947	-3.93591550047588	4.87955959668674	0.353796390976178	5.22483233324508	0.185808064865368	-3.38420820763082	4.41775692710792	0.40663630790168	0.400402631852675	0.794831023799343	0.315098278684859	0.740170654118009
1445	1.13693205335555	1.48537586745176	1.03352752753654	-0.57862075545061	1.72348299285441	-3.81048726615556	2.48322401911523	0.271861245624401	4.28633431330302	-0.295021004548023	-4.82347745628389	2.49217711419587	0.383463546019332	0.113583968509885	0.578457957267834	0.180539658690995	0.650377986404493
65	0.25895303849479	0.00295561221938456	0.579513101764004	0.627609447334154	2.19745776550668	-4.11082829285214	5.1482356797511	0.344691178046986	5.68759260720009	0.250966678048089	-2.90911573681323	5.24640904363261	0.368900460398642	0.168662087379546	0.619797597785795	0.11577067251162	0.598073331787329
1074	1.41983350868393	1.35306673819123	1.50026648424875	0.210808533370899	1.07472505148773	-1.79583214745861	1.98250772632602	0.205132121925657	2.34300615751966	0.19320155744367	-2.92638302050456	3.54293554416973	0.429036460891383	0.407884852394669	0.792001596391801	0.333888998755889	0.748812216652251
64	-0.472716711941223	-0.724085214509153	-0.0140662409016699	0.605149103011164	3.22117988455605	-5.36349038782444	5.86317915968417	0.371525192397222	6.61476613884817	0.197925881687272	-3.83188966593433	5.567767514814	0.396877036980831	0.36848636575107	0.772579059205583	0.20626082720632	0.665975731678571
97	-0.741324615089044	-0.759573166613287	-0.72963702248932	-0.386284675389347	2.99197443740428	-6.08362723484608	4.2932601198414	0.329229549227195	6.17149437606652	-0.122017006505896	-6.51404316726867	3.31835655246331	0.428757322018668	0.152048032898539	0.605074246387644	0.365097022839758	0.767540103572837
237	0.312749352456224	0.264060260136712	0.355838777387918	-0.20712833890568	2.30520766058248	-4.11115735502205	3.40123768069639	0.328636876255518	4.82536222736237	-0.0941897320482588	-4.03166941117439	3.11162427889487	0.456733898740082	0.522534840819336	0.861009291450567	0.607963535063998	0.889061352210743
57	0.542033203058573	1.06802908723735	-0.157895947069696	-0.772081701265396	2.6479341994963	-5.29832147272322	4.00114488811868	0.405267819570681	5.90375221820225	-0.258780064070218	-4.8528715048595	2.47727857189298	0.385416670938226	0.11628571137745	0.583172375605049	0.139482018886868	0.616050539885197
383	0.675287504610756	0.939344697283329	0.500490325856542	-0.626018325017172	2.09384295500214	-4.31644936292	2.87202129855327	0.293745019627779	4.35100700015355	-0.308215950697846	-5.74966790142053	2.41233146576655	0.360677088668647	0.0534901733246534	0.546533456539633	0.102323235293585	0.58585364837454
69	-0.57894514610616	-0.655658981246775	-0.513835599380973	-0.253560995313171	3.47130641532496	-6.38824399105703	7.01897821525356	0.497395112763286	9.25592829360377	-0.0591510663230151	-4.09028056075645	3.62177396898983	0.477553676785593	0.872171350057075	0.963745537262318	0.764080232335363	0.94911576952538
76	-0.84105066487707	-1.05947922183612	-0.694631220426645	0.312927714326412	2.73162249847465	-6.41466046534266	5.3137293039496	0.473546359646364	7.38594517826312	0.102262955207741	-4.10682726005701	4.1178660368939	0.450520835098284	0.842280249257362	0.955828902684862	0.567454473853444	0.874549584463312
1185	0.157027024829874	0.0626695878214329	0.305229247911472	0.141689649626112	2.06265721776255	-4.32782824145572	5.49548217618666	0.294096512121525	6.14540738506105	0.0566104433764478	-4.4689362903485	4.79970727370803	0.467143787761307	0.883865784991869	0.965127318868229	0.767189177040854	0.94881049297277
89	-1.25468878420011	-1.35586077064585	-1.1494973784023	-0.0149089691476405	3.43377555884504	-7.47502933310371	7.03656008284461	0.411114180340857	11.2132675361496	-0.00307424620230991	-5.89517230371493	4.34105699547729	0.497722836775189	0.559503845246186	0.867019788752245	0.861574831150996	0.968057774699038
629	-1.45746089945422	-1.60032444128215	-1.31586622111178	0.114246214495859	3.56101245032043	-7.7464319590784	7.18553632522118	0.603196931705169	9.8859613172168	0.0322748547583037	-3.77417347520139	3.98195874383378	0.483072917265239	0.877483710558439	0.96410763203848	0.848213879895981	0.967180218384802
67	-0.378169132072178	-0.549977423034179	-0.256782115529233	0.208651082826592	2.49527920946055	-5.35453355730728	4.06320419502196	0.448040975001777	6.36089845909068	0.0760130885147099	-4.01943270700456	3.34395424314005	0.46974626001713	0.861912255820811	0.961323370584514	0.718944476437117	0.93749766876958
68	-5.69317221140499	-6.00308440088991	-5.51084573537205	0.0429544115048079	5.85820909269882	-12.4648575676396	12.3209602327796	0.953953875570673	17.062345779938	0.00626279042643694	-4.50021274198864	4.15298098164048	0.495770982582502	0.707879840324354	0.911982661180159	0.720500681365239	0.9287565688594
71	-0.587297213715057	-0.366271118204686	-0.796729061967306	-0.394871587732294	2.59384913951668	-6.46586329232992	4.02745354905032	0.409452717440958	7.42050309523865	-0.139432926331663	-5.40135782956701	2.66520221321924	0.432291669102885	0.246828491914815	0.674098189457841	0.43525278426785	0.806547979220808
82	-0.219720460114589	-0.188027739293441	-0.24379171056107	0.013768044168426	1.95987849477879	-5.17783014746216	3.36502646119745	0.334642981289323	6.09176540388379	0.00489321908049368	-4.70655505705971	3.34987526861383	0.495442708494316	0.543862850159296	0.870169999507929	0.872862423479459	0.969381584006853
79	-0.170981938011678	-0.0404986883911693	-0.246933515150704	-0.152506307311453	2.55650091057448	-4.98719135031912	4.53904240694473	0.419224765999054	6.4738278916007	-0.0553517754748806	-3.84337332677229	3.67154523709348	0.473307292612182	0.698132933168316	0.922474823734498	0.795084130195013	0.956421447190736
77	-0.942252934350619	-0.843340181650746	-0.97437054889517	-0.191271251380579	2.80904374251832	-6.08417742640769	4.67557081238792	0.458309595244414	7.32393053639204	-0.063310493365057	-4.36770457192324	3.36254372466815	0.469401042751524	0.500967281907729	0.849143242677479	0.727864090171109	0.934612272885677
1004	-1.42882480670624	-1.43539354207485	-1.41829070889501	0.19366379175816	2.90548426280461	-4.24344448454691	8.07514881727878	0.430130584129193	8.71941231382329	0.0576705749308446	-3.22449282124093	5.63222476182263	0.472999350337155	0.292767376157919	0.711232537875905	0.679367359863077	0.917488824774632
318	0.116607327215466	-0.077617844002428	0.279540761240195	0.313581447771945	1.97488378698329	-3.69268568092148	4.86251474166362	0.321182773225049	5.44974684122776	0.140834648361094	-3.66077352837853	4.95074353350819	0.418619794619338	0.522617076318532	0.858593146216466	0.327385728942397	0.744306559352237
86	-0.489309766958702	-0.211453348307637	-0.683146951896411	-0.383838648896178	1.99270430436225	-5.42471918341257	3.51220419320126	0.288867216029059	6.16979761886389	-0.160843532955074	-5.39888467211014	3.3986921045892	0.41210937820339	0.190617493464496	0.632099102347587	0.254811950318497	0.697228660573112
95	-4.49801820471425	-4.07200568135485	-4.93384574672089	0.165056999850258	6.25139194450071	-10.9195916472423	12.2848112137408	0.894145284366884	15.8456823599024	0.0173310313373572	-4.02136620354802	3.44322891408088	0.490566038068754	0.752307024719266	0.932689830401865	0.805747238574299	0.953171213265719
96	-1.0002018043095	-0.958610419110983	-1.00858980161081	0.154204623580875	2.97248121330015	-5.04266807998635	6.38141819694004	0.438602637790523	7.28091281507093	0.053717000221899	-3.62043719313838	4.30943594937669	0.47820429484969	0.612871409986042	0.894636015899065	0.710412846201621	0.931014762590094
91	-6.8293834957246	-5.59683659975031	-7.51748834257333	-1.69290421404346	5.90696392726992	-15.2451464827922	10.508053565817	0.904075723050009	16.6584781218653	-0.255439695033341	-4.85741070347858	2.99251136408556	0.389720238311584	0.20690076834139	0.631503250523901	0.20398225309902	0.64278901784933
124	-1.62208440894172	-0.514931194963237	-2.10450167561458	-1.03278559261509	3.44787650723365	-7.70298120165318	5.51475088011369	0.592202544080307	9.33068666192379	-0.278303570169594	-4.88340639988577	2.49642490874648	0.369140629961999	0.0961138530357611	0.571907329608004	0.106840554378327	0.588011484543369
447	-4.5931226646381	-4.48414593033492	-4.83716540134654	-0.516189285219715	5.32849967350735	-12.5078177245774	9.07079710170344	0.864138779937615	14.4751416500252	-0.0854276488221742	-4.0845696956875	2.99669114262047	0.455432662612694	0.496137518115863	0.811164487584182	0.544137215577738	0.848487255751526
1007	-0.119548123495552	0.102074109324233	-0.364972121153511	-0.270136393215115	1.85926570810803	-4.44376691437765	2.95029488388716	0.313562110229342	5.27633562873086	-0.128153058189489	-4.61322699203894	3.10807748493577	0.440755210455733	0.258733103686565	0.684981097104241	0.436834070849783	0.809121949870269
80	-2.05364173552092	-2.35757913870455	-1.44138630012985	0.969789244387633	3.24670824204199	-5.69395405844542	7.06540294765088	0.500026287421753	8.30646983895186	0.271976323552827	-2.94308676870161	5.06161114701398	0.37931034934835	0.134177700537485	0.596309232794028	0.145930178300677	0.619024689987536
87	-0.963906450609501	-1.08725989302305	-0.721029775206598	0.340115447778372	1.96800672095751	-3.08254224524714	6.91935633268522	0.300121357560069	7.56146232637836	0.138630906491433	-3.13603053200345	7.01409632209104	0.422526044470461	0.151743224060067	0.607316427995174	0.329671407973575	0.743189590556886
266	-0.425211202862966	-0.435630494237597	-0.414291563110439	-0.0388227869114939	1.57316459141203	-4.73830332438538	3.63157014992151	0.240740394769353	5.36751627876376	-0.0216142780214241	-4.86963417405436	4.37509565053193	0.488281250414148	0.683724245950865	0.918241338057714	0.851262828890876	0.965699569562252
1122	-2.00065569651884	-2.0859432815206	-1.89922157980931	0.370468703573517	3.73359438187077	-5.96182669942403	8.27966845424745	0.580841622342064	9.60859109067908	0.0850478335690548	-3.39988008099097	4.51995419659097	0.451528954230932	0.460412149010086	0.821290415662076	0.549495027829796	0.85956889934806
117	0.0526021157437508	0.120689499572922	-0.00468061881882953	-0.0302703968328162	1.93348121950966	-3.75999073119958	4.49681578673194	0.307157937990185	5.19413824798595	-0.0117469812581834	-3.22664625806555	4.46991993889642	0.494791666850652	0.655992322723088	0.911460962395239	0.88846454989782	0.974938587116306
1164	-0.815892047753855	-0.557158371953435	-1.0938914710854	-0.327935085269095	2.03968433073426	-4.45576340721898	3.04473669507675	0.332972971265168	5.12672630509623	-0.133859157754639	-4.84791421629964	2.6543229946333	0.435546877315034	0.282867913441332	0.700114454172504	0.442016189895219	0.81097934054683
104	-1.45635876874681	-1.38219349323055	-1.53538882490098	-0.245294300553297	2.70346421641767	-5.43417800291915	4.31652131808714	0.341565484919275	6.25246768194017	-0.0916339598070981	-5.25927689912663	3.74947167137693	0.447625245849816	0.357163918788446	0.758651248488764	0.55114671567682	0.856114124341133
100	-1.69189409142141	-1.7581365423841	-1.60641474921218	0.0806004640088531	2.57192638881676	-6.806242135247	4.32447740520009	0.351808191189096	7.46072239461895	0.0249413301734692	-5.64244369313305	3.82148974360199	0.487312947747763	0.54707545739494	0.869021346168903	0.828700920281311	0.958852534826567
98	-1.10175108556164	-1.21930460470353	-0.950391179602869	0.105957474983309	2.44158725118853	-4.01961989506591	6.11706353695431	0.392099008555234	6.9093254324331	0.0382020577103329	-3.60548182524661	4.8398571557146	0.481119792334492	0.443432232189512	0.815949532590919	0.724946018072132	0.934111299031983
109	-1.37494998811052	-1.33894353574411	-1.39414767166542	-0.265425542584414	2.45273871842488	-7.41482244150565	4.56162009908346	0.372942135081175	9.97072612238204	-0.0914568999400129	-6.25429714451626	3.45350348557873	0.445022773596124	0.288496964352013	0.704717610276014	0.552585622074387	0.862716908140867
112	-2.19777112659284	-2.62799389743701	-1.34724708246208	1.16338268026592	4.03584763195074	-7.51118444861109	7.25092827879486	0.621815346438659	10.2526947846486	0.268484166340581	-3.32699954871469	5.07580000358882	0.37865973128858	0.269842572812862	0.688387740029969	0.153115149019721	0.627490542983564
670	-1.30606455484052	-1.3243094253945	-1.25750029036197	0.250479995279903	2.92649283726075	-7.08818578016374	5.36061330623635	0.375471568841647	8.80357267648393	0.0739946495606427	-4.73362406960272	4.75528381129358	0.45608328067638	0.873334717094343	0.963658392835552	0.645082905566966	0.904362750557904
1092	-2.47187376968821	-2.91480149004476	-1.98802376330369	0.954039010123171	3.97516116950517	-9.28562291238009	8.73689221718422	0.682774779036466	13.5755349364488	0.193714016739152	-4.74876100385418	4.37944317061392	0.387369795857563	0.560579749559188	0.857080909753826	0.155273352510392	0.628552332477529
951	-1.88542378996757	-2.04770941996172	-1.77489148549047	0.262036558037634	3.05091217801507	-7.15096813713366	7.82743691960274	0.457330174812261	10.184999805778	0.0723468860195619	-4.38573026224473	5.09926529446684	0.460637607122619	0.741086777622389	0.926616954816317	0.723887851752033	0.931954021705324
102	-4.46608706756015	-4.32794926115097	-4.64898736236484	0.472546141895984	5.87379660432823	-10.9758953903849	12.697240712342	0.943974069707962	16.0850543557667	0.0703560650688164	-3.79650718253767	4.18880244690306	0.459635418101748	0.626462020670742	0.872171748646853	0.628849838710785	0.889064956142661
178	-2.63640280294966	-3.0367627900123	-2.13201029932467	0.70187467687469	3.49194582530286	-7.14987052951709	7.7808817022362	0.521328210757613	9.66175946451786	0.180932733379412	-3.882584651433	4.86066089670163	0.41210937820339	0.439622359961727	0.804206167803464	0.280711691161706	0.711898322342737
346	-1.53293873870294	-1.39810186907641	-1.62344170144615	-0.0932397086489489	2.27290403101784	-4.0062170610129	4.30634030951014	0.407941610470934	5.26583054149426	-0.0372722210097323	-3.49084115049787	3.78274378969872	0.485677083839652	0.840468532395383	0.956182485263673	0.782655631474189	0.948084192747055
975	-1.33827747317688	-1.66385389688353	-1.08929537633865	0.445183755125528	1.95782201340307	-4.33359527080307	3.61720776835258	0.366872463841101	5.36930555229327	0.208180237529965	-3.96259966652525	3.63930910902336	0.4016927119453	0.549102728809199	0.866308857727697	0.240504753159625	0.687623129290354
130	-3.37698056789825	-3.27967256891079	-3.49383862818603	-0.299520873693542	3.68696490382544	-9.4586366662479	7.55947534546182	0.573049589114625	12.0198797647688	-0.0708250823510179	-5.05933288141962	3.84802933218099	0.46289062631801	0.508305406091319	0.834380027323347	0.59048642551878	0.873184628499909
78	-1.78328358047844	-2.36947254921713	-1.34007451484596	1.04547810420747	3.92617183944112	-8.42318554965226	10.5316585590705	0.564415080777708	13.3675849995214	0.224424483155001	-3.7645305210923	5.92446304399999	0.365647370104901	0.239134585766017	0.663895144747011	0.100492107565296	0.583673280896697
106	-1.04426812590127	-0.960931299008299	-1.2673661884446	-0.461077353557752	1.8484546929748	-5.81247602349775	2.77641800031408	0.278711299186173	6.0937097431435	-0.216738896102889	-6.21773630247603	2.69354866439891	0.393623946675959	0.153583676258714	0.605940298368542	0.221129578869639	0.673807245140709
1370	-3.74681683953254	-3.95348792737872	-3.62072021712773	0.721777774656611	4.52688195010854	-8.15470531829966	11.7925100714139	0.673584803932787	13.5723518177034	0.137022931985067	-3.15275792742464	5.54866149020073	0.41210937820339	0.313577288584167	0.710104570420711	0.388576111618312	0.77260981962257
819	-2.98007171943043	-3.15214153757872	-2.77673442586814	0.0813256011778876	3.40261124471924	-7.38930708772024	7.38339842487787	0.517605862789936	9.77769053439117	0.0213700418552671	-4.77743529530486	4.26610363229767	0.488614183876147	0.783102823540357	0.938748090360028	0.791252751738604	0.950285625233127
129	-1.67021260541918	-1.69316651631335	-1.64684513020653	0.22082985070388	2.31632139504549	-6.19156298857866	5.47812735707746	0.347279888791079	7.37031474462991	0.0771978781648932	-4.51501742585786	4.72759583792433	0.457682293172166	0.6478079418609	0.902967748765851	0.616315914772542	0.888127106694928
133	-1.5938540305162	-1.68826216700253	-1.43633872341438	-0.105446834995792	2.3983159074831	-7.33570835127314	3.28163589785749	0.399992031676229	7.55972889602676	-0.0392735733865745	-5.87323026206667	2.87654205518735	0.481457385170287	0.288512786822313	0.705777094381403	0.802494969952441	0.953581395764336
538	-1.96712276019233	-2.15965070540381	-1.7065359230121	0.369024542737519	2.42472302024359	-4.00394540129788	6.20279442086456	0.374067321008892	7.09729475277745	0.138317062611045	-3.08961745271649	5.15157992415668	0.428757322018668	0.286433224579554	0.703052596477947	0.384167750698815	0.772414655466273
144	-6.81678017544043	-7.14806701195348	-6.4903357868712	0.836664809930611	5.71567824188054	-9.05535656655391	13.8740171964598	1.03663474507312	15.6547174658109	0.134075791582305	-3.00540973672847	4.46203725543253	0.439453127170419	0.344330466774312	0.726037723315477	0.469399130258192	0.801818220762818
143	-1.82739424343698	-1.99102121889117	-1.67944590960138	0.527362104946578	2.27313588806852	-5.8084277059247	6.26590911970145	0.422414089986538	8.46416848816047	0.176605809934843	-3.86212821260508	4.96035968441308	0.406901045073141	0.412120834613837	0.781530945794651	0.210362778397574	0.6629612383753
616	-2.42994984425203	-2.53324593191937	-2.25279940871617	0.576727003521879	3.12313769911791	-6.12951744626364	8.64175417238396	0.481221523698317	10.2196521794592	0.157047075206651	-3.24015673529275	5.08936368405437	0.424853613642457	0.276765933489998	0.698502895619015	0.379497833220911	0.773205479006503
128	-2.92679545172406	-3.06573151855078	-2.82699838491504	0.488763817781562	5.12123672055122	-9.16494056888761	11.5770377827924	0.675456610762155	14.5810731216868	0.0889524599728658	-3.78072169936566	5.00659751177978	0.455432662612694	0.465961988774513	0.800223426207039	0.609471961959734	0.885524567933064
126	-2.15038551902879	-2.25915914947496	-1.9355507604659	0.208606360666104	3.63145651667497	-8.32420895965876	6.68754864603385	0.618480913145188	10.9198390947601	0.058018824965752	-5.02651475653509	3.87476153121785	0.469401042751524	0.828810390528604	0.952563862901038	0.779061897110535	0.946692961852627
155	-5.0926498932372	-5.40279671270959	-4.73736571584999	1.00085184748333	5.49458047385006	-9.65286025146259	12.6023982045636	0.89445394593165	15.4389094259145	0.166017849502278	-2.99288531527661	4.95507492146755	0.402343753586143	0.33573374584897	0.725311993509258	0.330856715750746	0.738654775412768
203	-5.17415446644606	-4.73187024132225	-5.79219060286621	0.077732247942417	5.86403035577871	-10.7712840210469	12.3965808720264	1.01510152944926	16.2577990345753	0.0098898987887607	-3.67428055384088	3.7027189818792	0.494791666850652	0.704957453198406	0.909911890471639	0.784066697605504	0.947779169534435
92	-3.33831194400164	-3.54716899496203	-2.99793664820378	1.12364782269276	4.54840717127504	-8.53434200533794	10.7062400377006	0.729410868596257	13.7470883537097	0.223089389275288	-2.99218991641267	5.21119316380023	0.390625004057417	0.305280903826775	0.703281251403362	0.228761167044688	0.677746115633697
1082	-2.06966751496928	-2.11869164721462	-1.99880890209177	-0.0241001508927452	1.80279688804462	-5.70602780542144	3.11957671753742	0.292069578420177	6.53256368947732	-0.0112390866218236	-4.95002592500751	3.43267288929852	0.492187500276015	0.603181071492556	0.882362026598607	0.78188858053268	0.943800660240884
168	-5.46796062864358	-4.94360254467088	-6.08862108032165	-0.111271178404692	6.35180441889416	-12.3321615418174	12.4388064821372	1.10886462002098	16.8736493488354	-0.0179214251661176	-3.85937960607484	3.50795292227517	0.488281250414148	0.706050801883936	0.909262882688872	0.748575364567423	0.933196805095725
114	-6.27329390665499	-6.42920971589919	-6.10947319988442	0.189479124581287	5.90787672042494	-11.958793496414	11.1361631986879	1.03571196595755	16.0540703884983	0.0287335857504112	-3.73439838906395	3.74938412336172	0.485361093555222	0.677057431022805	0.903775197581987	0.672692560127026	0.904235048793871
170	-5.83555027727149	-6.57209932838492	-4.32616324256311	1.69406847824171	5.6988041393951	-11.3974112737038	13.1086015437702	1.02832121176643	16.3727224373262	0.266927646023559	-3.06246896019188	4.51685505353973	0.365647370104901	0.235859293564552	0.653580070019643	0.145443325115698	0.596266238922631
161	-4.64275538794604	-4.44569417681688	-4.82348697517638	0.206772361764268	5.35851374321483	-10.1071518495062	11.945383313221	0.92673433627126	15.4950195511419	0.0293811878393432	-3.71533715728273	3.87535611936547	0.487312947747763	0.649494888078785	0.887630188774721	0.769943149810941	0.944762688971096
175	-2.37832485292251	-2.25938727792858	-2.48499224944421	-0.187534021802576	2.32566384518844	-6.67805930206708	4.35759450963172	0.404715646426596	7.94838096498068	-0.0661860141873357	-4.62663502236685	3.65886175395971	0.466493169697381	0.557031941389918	0.857810971219195	0.708204361344872	0.92118283591182
209	-3.76837127525706	-3.84707386192645	-3.62247005679312	0.433032759577273	4.35594628918657	-8.6308609895292	9.96574054461677	0.702787225249241	13.5389299574685	0.0807762119600355	-3.79938369692569	4.41158644168537	0.452179572294516	0.604686120007142	0.872331007084812	0.598021248369451	0.874577963975536
183	-2.59199010163098	-2.42691230335407	-2.77622014541711	-0.74845407162777	2.99645549830764	-7.8590615479982	3.86746599732338	0.55767621721046	8.05378463585494	-0.242081902631644	-4.60560862941828	2.28530712030593	0.394925182797777	0.0897555947094234	0.566506152059432	0.207324129787873	0.661118864798458
160	-3.23187176746672	-3.63673394851125	-2.758242809138	0.932786014916198	2.70674931287502	-3.57155320687821	7.27629503724927	0.500597800205735	7.59767329090961	0.324412304452448	-2.19424475328894	5.25788761544916	0.350911464113216	0.0564458234522702	0.521312583154734	0.0781814005374601	0.536853156038784
634	-4.40881995503706	-4.59286037969211	-4.13017372358221	0.537477967823105	4.78350024004081	-9.38068354464872	10.6704258023304	0.806451678806616	13.937932526654	0.098015131512794	-3.5630854790198	4.60675205467688	0.445673391659517	0.58545222335497	0.855475535072789	0.548072679282163	0.853905552974119
162	-3.63428169257712	-3.88737753740247	-2.97143092779759	1.10571563572974	4.16590415607856	-7.56954578483374	9.78430603279376	0.63187849168215	12.4079474820459	0.229888796154281	-3.24968016113564	5.45478938804172	0.3828125043798	0.222830032473684	0.646802221330497	0.160551292530725	0.625635337751885
1477	-5.43166711526045	-6.09477047745771	-4.9613019524299	0.485974211530115	4.12145868548755	-8.19531252332873	8.83996620892762	0.689658957020042	12.1741942351553	0.100951766510448	-4.06914211261158	4.27505866513589	0.452473960027318	0.558541444724158	0.84187086199057	0.501057439264873	0.828792834896134
184	-4.7807726475233	-4.70522748290996	-4.90411578498155	0.206075232625395	4.58405370353743	-9.3432701274653	10.2847149761314	0.796820699858276	14.1715124457888	0.0415169162532073	-3.83389076797636	4.3712986974896	0.476903058721504	0.623477211478811	0.874013461798909	0.682142243099368	0.908408441312023
207	-6.27616269678378	-6.78793278877242	-5.7526626052946	0.60722661448024	4.48805830649447	-10.5466615385471	9.8373751868177	0.762178279612151	14.8847857426689	0.110946727884477	-4.07079457209647	4.28494665726361	0.440755210455733	0.589769787599656	0.853837889195935	0.454553850325044	0.797935127137527
1046	-6.5355341443794	-6.7246904721336	-6.3255625356139	0.43894548872544	5.02755669154557	-11.6420278216679	10.8004867139019	0.903005236802708	14.977249624879	0.0822521101636891	-3.87069967084099	4.46432385675794	0.45608328067638	0.581070709231242	0.855274947711383	0.561926064342015	0.844669442505572
261	-3.57277731140462	-3.5430560204478	-3.61755189247318	-0.271802990504112	3.15641597854323	-7.72479241840052	6.98191419634881	0.491881910132641	10.2563935923533	-0.0705924666843568	-5.1512698734207	4.03791413610795	0.45507812659961	0.556681231820537	0.849317336269691	0.641861015192727	0.891051924320613
268	-7.25649948916209	-7.44854299424309	-6.95755171785035	0.500439108034782	4.90680986320109	-12.0146470276063	10.4168655261248	0.898280195454896	15.0905717056825	0.0884527545705801	-4.13451954132095	3.92604686867086	0.459986989058826	0.622077393316356	0.863806850903761	0.58142656759432	0.856607930229686
