rab.all	rab.win.Healthy.NASH	rab.win.NASH	diff.btw	diff.win	diff.btw.025	diff.btw.975	diff.win.025	diff.win.975	effect	effect.025	effect.975	overlap	we.ep	we.eBH	wi.ep	wi.eBH
Acetanaerobacterium	-6.19910932428712	-6.35279228625441	-6.10852757198932	0.267651929788614	4.30228418594537	-8.15766344872688	9.71233229495723	0.789537981483908	13.0893983200247	0.0618687026892093	-3.39362828074314	4.38352032196612	0.467013897210334	0.541512332147414	0.788413250104862	0.569785195207816	0.763155496056355
Acidaminococcus	-1.12095040700312	-1.71306293196588	-0.115861104495122	1.80500457421994	2.57960441127271	-2.07031155591699	7.41945000676952	0.333894715468396	6.41767030906446	0.610463184698429	-1.6187420572304	7.20995105287978	0.251736193872179	0.0156505578563703	0.256059246795372	0.0592988147646202	0.393203363706865
Actinomyces	-0.0180600247834146	0.220374542444755	-0.256697632226142	-0.780371248703431	1.55318993709961	-3.98786875532686	1.52465422376955	0.241122765901695	3.40380469488136	-0.473073017369117	-5.76384277918238	2.00252216552404	0.305026054088088	0.0774177635649513	0.42325585531197	0.128779171038865	0.472326889024752
Adlercreutzia	0.64315202592521	0.257228018986005	0.784587055729777	0.687739133391321	2.55341014275718	-6.00742734755361	5.38548609967689	0.401001693583169	7.60862529432609	0.226970526621486	-4.15483885367134	5.32276984325607	0.376736144075111	0.593334807416368	0.852465217085094	0.348477303893525	0.647006804640804
Akkermansia	3.64632481711901	2.58614364924408	3.77579300273679	0.551423798006007	3.33243849950748	-5.2960788919481	5.61757839607455	0.471584890937196	6.53823865201177	0.170916956055466	-2.68591346678166	3.74716177442558	0.419410765943737	0.620121430200539	0.86217200463618	0.638390912666424	0.810998364722662
Alistipes	3.29078059403817	4.0631754806794	2.26776194350591	-1.0459277292821	2.43615719515922	-5.26425917834628	3.54747837297628	0.293602807604036	6.28865939971959	-0.438538916169373	-7.25659305968468	2.15534684825277	0.309027833937531	0.209531516012278	0.564459999851884	0.197210462644856	0.538759157137676
Allisonella	-2.43684699879233	-3.08384588959274	-2.17033888508537	0.594016701060246	4.86367151278289	-8.11119719439438	9.3080743112108	0.842592435422913	11.3560988483679	0.102290244940579	-3.79922857034138	2.89344659824239	0.442708347914911	0.69487983532173	0.878139392435309	0.694019016863428	0.841222818578778
Alloprevotella	-0.592818525110653	-1.0259297725207	-0.327022843791031	0.633445135191876	2.39094026978715	-3.42124329170914	7.19661603430562	0.329431131522263	7.28266355209377	0.215177337945366	-2.46673165519077	6.60786972081847	0.368055591177045	0.259536089300179	0.618197403243318	0.298651775157093	0.614614799095904
Anaeroglobus	-6.72142276001229	-6.58034942403651	-6.78485282456202	-0.160333915683471	4.07082058962531	-9.17493110384694	9.17937371344171	0.700060374328206	12.2268737029438	-0.026490240329778	-4.80504603114228	4.11145172119372	0.487001736357963	0.547916931365574	0.781156944408477	0.584970784506204	0.766324414343109
Anaerostipes	6.02369909188001	6.42861459445609	5.10274224447045	-0.962900230058575	1.32862461683463	-3.21656571949383	1.5437243292414	0.180101265984654	3.18918854997511	-0.691194091287026	-7.83412708717964	1.76787586124346	0.249566808112458	0.0208505420394305	0.288351198053804	0.0480365643240862	0.38108951068894
Anaerotruncus	0.683569876680702	1.08919522573489	0.435931081875378	-0.664988169141438	1.86795787289468	-4.61145607114471	2.09909098535229	0.317807188266595	4.57771030932558	-0.324451981681794	-5.29097249150844	1.83266108996652	0.34027782245476	0.16675903465666	0.529086442649535	0.23543449723672	0.57086307982923
Anaerovorax	-0.742174809728184	-0.700810017388096	-0.763161442285758	-0.139684567443121	2.62892806856486	-4.6440996320243	6.26130232323883	0.411305906533389	7.62910638840024	-0.0562219674347832	-3.60223726891807	4.11386139005507	0.473958339892094	0.8133623567495	0.923670162694735	0.829665004848933	0.911379100631928
Atopobium	-1.73352641602111	-2.40360157499297	-0.709400718522715	1.35545653421515	4.21237913836951	-7.71272792509977	10.1578305544623	0.432325282938513	12.6751302084652	0.292810499817163	-2.9033375791929	8.04518807604788	0.363951509913101	0.380290472802313	0.705333856527373	0.325003439282021	0.63372371356285
Bacteroides	7.14768862885254	7.7669678602472	6.74637863214027	-0.956792430655549	1.35844256165561	-2.83162861617049	1.80724954388755	0.181254335843829	2.98752456342273	-0.66196748603453	-6.57095781813171	2.55527864213785	0.236111202983967	0.0457108913932162	0.371910723170855	0.0521742070196343	0.385598869463534
Barnesiella	-0.523894045747762	1.92172123630418	-0.652620247563577	-1.95258018755542	3.7373086737357	-8.09956443938494	5.04060607286393	0.537977376240686	9.39082106931105	-0.489734026436408	-6.83289115548076	2.45989052533412	0.3396880863187	0.19856862860901	0.560337807300173	0.24881896871826	0.581172096795576
Bifidobacterium	5.80059033871342	5.50343102442233	6.04849023424636	0.566947161889887	1.63336992952199	-3.51348948235755	3.59070475620463	0.218294868526011	4.76882355343867	0.295150251682735	-3.44706344257857	5.18535939017769	0.350694485617317	0.428794610395594	0.777706776846397	0.27926698742413	0.605869342021824
Bilophila	0.550253393177736	1.2046956825665	0.0288278067334335	-1.101790410605	2.05815057813119	-4.89943510183151	2.42303448219233	0.331987414443832	4.88124822340014	-0.512373091359909	-5.84846693164341	1.65827173334182	0.273830227153226	0.079930564397951	0.426312650090953	0.0716619581087324	0.410740921717013
Blautia	8.17519612672348	8.73824130165744	7.812373472271	-0.77824605549228	0.836328750309515	-2.06807628214774	0.807117843385328	0.126501826712166	1.88436619602525	-0.848890343309953	-7.65341370810145	1.1053595403505	0.190972347818316	0.00539682443669472	0.180982878111073	0.0104859143834359	0.259060067754146
Butyricicoccus	-1.63683776138275	-1.86757939717784	-1.44398114912558	0.296894014525873	3.26999865197622	-5.42704829108161	6.11582558600901	0.569165274088476	7.28414259576347	0.0960223025010975	-3.33827722395123	3.94399235182722	0.455805903696695	0.681341427463654	0.880549305923906	0.627307521621349	0.807635109241232
Butyricimonas	-5.23558601299046	-6.31872432437872	-4.659168474965	1.44811082317099	4.62944792788197	-7.77740112686363	11.8624727487764	0.882921135789766	12.9314809560763	0.269509126290515	-2.94454018034426	4.98484484205558	0.366319480606335	0.357344072203719	0.667177571418948	0.348929668666406	0.627442630447604
Catenibacterium	-0.047346386922869	-0.184023423984729	0.134138943108682	0.416991430401557	1.98986811769916	-2.32771118736079	6.95263129675353	0.272277103811877	7.46557240209614	0.158506269984361	-2.30375246592339	7.82400796038982	0.389948035881236	0.13046545203566	0.497660430224829	0.391063681736346	0.667174591851733
Clostridium_sensu_stricto_1	3.44636399939237	3.59529909757376	3.33520264630693	0.105749026284669	2.24467932311054	-3.10312167736699	4.50184533088999	0.339263671082338	4.4491091926463	0.0450149308388939	-3.23445493638086	3.98741713921343	0.485268634539735	0.829008633392837	0.930422517990767	0.93473089996283	0.96618385479931
Collinsella	-3.76947113436991	-4.87608860742237	-2.93588705195052	1.52245254964794	5.43517148385306	-8.9790467925002	11.3675813942066	0.911688481087025	13.4957916694618	0.269619524327707	-3.08508957377972	4.54348227959371	0.3697917017508	0.427190789605711	0.730235420808455	0.341074769178526	0.633976999779668
Coprobacillus	-1.30979175991953	-0.645127604577259	-1.48768662148869	-0.379343544525142	2.5760379090263	-4.74556399094249	6.5299638218916	0.371401815231516	7.93484912999671	-0.120060143050598	-4.48863723859657	4.50219885484028	0.454072801888179	0.815238076290341	0.923575869866768	0.739197870044757	0.862904200632775
Coprococcus	5.61344114676774	6.23354501535423	5.55770052663744	-0.625523994029018	1.67850678550085	-3.24843397492373	2.2555903159277	0.18008662906458	2.90642560157706	-0.368891465057085	-6.69365140648584	2.86338542786461	0.354166706701855	0.244653521369634	0.593477580408765	0.286267264765538	0.609937160048315
Desulfovibrio	-0.843939197223838	-1.43911928795622	0.179921599733638	1.46253970884229	3.08378047782985	-7.22561081600442	6.28497242435712	0.440473731179273	9.81167521192112	0.378985144986811	-3.32133782735767	5.98080131795042	0.331597269932647	0.36048394078566	0.686540784837227	0.19328704013525	0.540422010420026
Dialister	4.84834909267115	5.08501912798321	4.78358999249468	-0.600890323107229	2.59861391042364	-5.45479780963746	3.55648530171955	0.360201387136271	5.25162557662702	-0.25221230879247	-3.86608456535745	2.75320416335948	0.407986135032666	0.387637172075769	0.751495654225547	0.499940463853265	0.740880359992487
Dorea	6.58950607642125	7.25363394283909	6.32566729967315	-0.892004398184526	1.50501150351955	-2.79769075037768	2.59365126998178	0.219895623788307	4.02608081587379	-0.545015147379165	-6.07590828625655	4.21715557460621	0.26516472013014	0.17028424360951	0.536055553744681	0.0605290213261298	0.399142839431163
Eggerthella	0.344569251544592	1.0900920800094	-0.0117933812302438	-1.25110818531147	2.68032906594999	-6.90515022176252	2.60325134340614	0.298889198702444	6.12662847507476	-0.521008809657935	-11.9526874483106	1.66469426284911	0.223570290290661	0.0497597951230046	0.38232322745681	0.0174946764025196	0.296572673469257
Enterococcus	-3.01887766616735	-3.5379181616012	-2.77358382137646	0.816732907058411	3.76278687831823	-9.01718228605194	9.49378680462433	0.476998775028899	15.6655034368401	0.167898610222515	-5.08771281105303	6.25825391445633	0.373263922907214	0.701135335829683	0.884318628751977	0.431956876422558	0.686314886386799
Enterorhabdus	-1.71185278419645	-2.30266205893096	-1.19851404883585	1.09883863506559	2.70101738432333	-2.98682323344106	6.78487148187338	0.533429008157505	6.6860112226032	0.390548103931648	-1.6780013432817	5.22639758071911	0.3125000548014	0.114497283579973	0.466164859018594	0.160494920092023	0.504221528158566
Escherichia-Shigella	2.10552257634167	1.57688977482316	2.31539460562387	0.661756528209574	2.13466121615714	-4.27356329742723	3.96372252717923	0.234829576036693	5.37103261619096	0.262377622417515	-3.8304137271719	6.84189682030362	0.342013932971938	0.467196624051691	0.798153082084577	0.207279528399148	0.553022841875868
Eubacterium	-5.97094557051218	-6.03181418844578	-5.9479430674561	-0.171250973721796	5.07933436232225	-11.5646675671915	8.70142088067684	0.738480435952354	14.4597775302771	-0.0252086249603951	-5.02051110153289	3.77735324113776	0.485268634539735	0.587628423269555	0.803487348585873	0.633055042279029	0.80517193647101
Faecalibacterium	7.49771598483372	7.93336634919088	7.38688299806812	-0.351089380795341	1.26395340550424	-1.92104932657257	2.81315346993634	0.185637710918473	3.27998973700981	-0.234787232043788	-3.8011370876073	5.57282061371555	0.412478358821251	0.859415914794071	0.935441807053284	0.469343090919798	0.724760931143281
Flavonifractor	-0.311515077426918	1.55057156414273	-0.650424084604606	-1.9482427472964	2.18847886246074	-5.60103214024807	1.71255819125832	0.311610896809587	5.32926850553456	-0.853386320975439	-8.51543662201476	0.979950102581408	0.19618067653551	0.0170463257027143	0.266984922553952	0.0183292699295757	0.297334448891197
Fusobacterium	-3.80744688429563	-3.97294349026592	-3.7691299485397	0.230051869418175	4.0608035717527	-8.62089209273919	8.80912104760009	0.612663649737355	12.1363470515821	0.0424907390917368	-4.48877153988633	4.07603181252999	0.474870023637071	0.662498484700684	0.857276392745391	0.740712803268671	0.863918102993941
Gordonibacter	-1.50990148876714	-0.863207473782505	-1.75457182533558	-0.734610824103621	2.28907678375222	-6.18314097447878	2.84899911944917	0.372780664733951	6.41131586923386	-0.322584975785997	-5.17572033592012	2.17805287744864	0.345486154018418	0.231215409304661	0.587864050749309	0.28565923603293	0.597810176553734
Haemophilus	-1.13041230684255	-1.33899395999585	-0.966861297596338	0.583160723200088	3.47227614329728	-9.34827183062518	7.46740152091252	0.454558943125813	12.7175669100482	0.153774721777675	-4.86130305812833	6.43168030401279	0.415944562379157	0.648687966759632	0.861574188733381	0.529575542885528	0.74937736765745
Holdemania	-1.85477776129714	-1.40960359868683	-2.42773483046868	-1.55883825151034	2.59369926126807	-7.85177826969344	2.04514652352736	0.406932199767902	8.51455030161034	-0.600474438310458	-7.09083855798673	1.36001117646405	0.253033010707676	0.0245749774545489	0.286976861549383	0.0559683278215592	0.380308927089234
Howardella	-3.28269440308061	-3.99182483571589	-2.66992800449913	1.19043935179703	2.85099530943713	-4.75752754619935	6.80588662997946	0.49252091246637	6.96809513719719	0.401349233972768	-2.80421397742966	5.26249946395669	0.308492257215968	0.197216054113138	0.554335972231042	0.172776730032948	0.503944364976236
Incertae_Sedis	8.73875048235351	9.28624664338343	8.55282715987263	-0.775517883467971	0.733266804400452	-2.02418539485492	0.489641567769671	0.0994542080217651	1.65101529172491	-1.01261279295874	-10.5915089917716	0.837973898666929	0.140381468975394	0.00408234746698744	0.178949211345596	0.00323827881214895	0.185274868950001
Intestinimonas	2.81015493782011	3.38235003709935	2.63764312112377	-0.998227691177687	1.70910320101784	-4.26482290560796	1.95462986988543	0.231526821494272	3.71033402886273	-0.536259765360841	-6.5346628724392	2.0882974694565	0.303292952533186	0.0781581188906763	0.431072080617497	0.107533717392069	0.457212704498484
Lachnospira	3.57159782303157	3.60676519962611	3.52559875794572	-0.165856105784499	1.23323256821094	-4.141374870442	2.16203012682752	0.164671195517611	3.71070519909288	-0.126338990189749	-6.3381445749786	3.57844216625244	0.438474885654038	0.519778669976941	0.825469746338089	0.656609069169196	0.817698349116601
Lactobacillus	2.52692484453181	1.85774126483237	3.29240203296039	2.03526580569993	2.72202253421006	-6.88296715857127	6.04946172880729	0.342581372947245	9.49978686451208	0.639971872465202	-3.00471275830426	8.48204230870882	0.253033010707676	0.202430103592863	0.56235448038189	0.0544853137160575	0.391555250554204
Lactococcus	-1.06443795333155	-0.254253182639598	-1.36758714590794	-1.05001615310142	2.46254772367089	-5.81528633442136	3.12198897946087	0.378987961164874	5.62942324567994	-0.414546428351848	-5.04806455369527	2.18495347894787	0.31542466354086	0.124013792032288	0.479487642673509	0.173539526456516	0.513946426580085
Leuconostoc	-5.62507702198432	-6.13764736167597	-5.44141083740956	0.110036349833805	5.63257242529527	-11.193859601948	10.4103329647907	0.847350363458298	15.0891717950197	0.0137462033904099	-4.04355595013154	4.0025266014387	0.490467939995094	0.659899697491776	0.855564186080062	0.674886809619703	0.826714816081962
Marvinbryantia	2.70062537167724	3.08542154281189	2.38043036410935	-0.657163491862342	1.18096826760199	-2.41487400891376	2.2991333906615	0.185683682337154	3.15586275698474	-0.496038590553069	-5.0876193235782	3.03434827301661	0.306759155649054	0.22870345916674	0.5795402600479	0.145306438833074	0.494887691528446
Megamonas	0.697954732281094	0.258582305520092	1.34056843997402	0.979116452029976	3.0661599662544	-6.91194515329178	8.76180847287897	0.388676909378589	10.2022043073922	0.237256607997169	-5.68373159083833	6.02647834024112	0.372617018499593	0.565925680504521	0.838512828330213	0.306550316958877	0.621358480761468
Megasphaera	-0.634585975392551	-0.992106417595934	-0.288508710460812	0.982596584083031	2.87548558432467	-4.77781896256647	6.90608939741863	0.43536570041134	7.66078337683889	0.320726469067625	-2.98940045137369	5.08135417911143	0.351819798026945	0.302534628068597	0.661731539266445	0.264305895526897	0.591588099433769
Methanobrevibacter	-0.932186351227954	-1.68145199520175	0.258145690598484	1.0971897956085	6.01324392444782	-10.8350443990059	9.53618707709514	0.459656544956984	12.4672779028606	0.195758770439585	-5.9195636402392	6.64266137955859	0.393414239387305	0.899238883343486	0.954270380255351	0.400303758630949	0.676501428460582
Methanosphaera	-2.91786951981199	-3.01890893687556	-2.83577593174516	0.0876111097278365	5.23532704308409	-9.10613155909637	10.8816836705236	0.795740627938082	12.7960498027498	0.0109806924203032	-3.65410165530093	3.77235062266214	0.494791667975003	0.775651086191341	0.911346928055096	0.824339148771246	0.906660978315419
Mitsuokella	-3.12911734484247	-3.26981762414685	-3.01283057659704	0.323251935692888	3.58733580584188	-8.64903956547099	8.94002125129399	0.546520467009438	12.1019364207185	0.0724948264051235	-5.37554307599391	4.95095912070184	0.451388901215208	0.670788689348316	0.864967201323677	0.717640921175002	0.849377237970127
Mogibacterium	-3.02610041759465	-3.76317493234455	-2.2802397685861	1.8409953352805	3.09416169614019	-3.51908508889409	8.8691345952998	0.548138289361946	8.99500962020971	0.517778557469678	-1.81603191330444	5.95040655807566	0.274305626749889	0.0702334831247945	0.388977267256791	0.0972527856511338	0.428963360258415
Odoribacter	-2.07029298571997	-0.742266517451626	-2.63693488566902	-1.81639461935627	3.13245906850268	-11.7972355939179	4.19748419493932	0.455247323017709	12.629985220873	-0.47625102495119	-9.08866002274438	2.57056990959053	0.250000083724307	0.0907946411187546	0.443774687929011	0.0408426690281636	0.363842845190108
Olsenella	-4.3205231118021	-4.92093511510196	-3.92343738510106	1.14556084518735	4.77041492005542	-8.18806485678764	11.9561530772672	0.898226813183966	13.8741482095441	0.216450153892684	-2.51111381287917	4.61538730550904	0.38821493413169	0.373669280615427	0.678210578659406	0.366733187336329	0.64407753049924
Oribacterium	-5.23685075340781	-4.85741750123766	-5.423388320368	-0.280713961769466	4.69547855794325	-9.68859388319371	10.0060030597525	0.953586512254584	15.2535154614809	-0.0560770277885823	-3.7121621921048	4.05561069455218	0.473136921821375	0.617710701966172	0.828813415860363	0.70925973266621	0.84920167131398
Oscillibacter	2.95034594124168	3.34038633298122	2.76784974864769	-0.648294378706885	1.25457085325181	-3.02252355215475	1.74855113271627	0.194050997091759	3.18785692983217	-0.467668831869586	-5.7810524299017	2.33151284047364	0.300347281882084	0.164655341298702	0.527083811500399	0.128040800926804	0.479318840678047
Oscillospira	-1.09736972124196	-2.17514183645978	-0.769638987877527	1.28019580121598	2.8604943522547	-4.14381322748196	6.53585236878821	0.531340917953193	6.81952104769148	0.412403939870077	-2.65316118075393	4.64767702858124	0.341421187979488	0.235621599911576	0.592038323756037	0.224780789389554	0.564950069327796
Parabacteroides	2.61401219592583	2.8820293297702	2.41870714419019	-0.377674578713146	1.97438507231109	-3.82168328744157	3.37478980992387	0.303901049228854	4.59077401041012	-0.168780681140645	-4.25276163753039	3.17333363237484	0.423611130756497	0.61985921078576	0.861518277144549	0.593788802462554	0.787613476393137
Paraprevotella	-0.766528175095043	-1.14637947128189	-0.443357473201979	1.12591056089686	3.17176074184525	-4.7617415763019	7.30054502275532	0.330910971046873	8.03456626863569	0.348057368015771	-2.9947862609576	6.52153798166941	0.328125048955114	0.196807480629007	0.557034831477558	0.248554139222519	0.577081199361602
Parasutterella	0.795807237407711	0.420670146349547	0.936239085596303	0.329187842353554	3.65533565097216	-5.88900260046259	5.50838924685574	0.264027099887361	6.44686841349102	0.0838467732164897	-7.90323396018492	6.14493620820128	0.435008682058385	0.741546564848783	0.895484961299829	0.648728584195536	0.819025826970322
Pediococcus	-5.29706203182752	-5.30543218455023	-5.2940327408976	0.133891618134376	3.95458230804589	-9.18263438903008	8.4012170713581	0.7000308153698	11.7613834790048	0.0383005246765734	-3.55561713523518	3.7835968157374	0.489583335950857	0.588002484142744	0.819969984550433	0.652640128156396	0.813226404582535
Peptococcus	-3.29193849369257	-4.1701138856604	-2.7513555530944	0.929122770532822	3.33497103068527	-6.8778411842967	9.34257905958272	0.526517932498048	11.9483043254175	0.229915650224682	-3.09094681579444	6.08476182489966	0.3697917017508	0.394060185530686	0.695498426119588	0.274481904070657	0.590992116336496
Phascolarctobacterium	2.9996782919531	3.92056172084945	2.86199499186971	-0.70876537807239	3.24125264038755	-6.04247356943787	5.3105127150101	0.614329632466727	7.29287369923754	-0.201343809681015	-3.78092658489978	2.98610755984046	0.423611130756497	0.593867607667596	0.852304408582434	0.597776959477753	0.787699800976262
Prevotella	3.20155239606323	2.96091961621413	3.74395358394252	0.906265666234781	2.07809371598519	-1.76570048026872	6.37367375048265	0.290610472450554	6.23611443040984	0.422832010313867	-1.86858510287066	8.99134328677435	0.289930619629447	0.0272913965676185	0.31236996334631	0.0941297909031253	0.452214430882607
Pseudobutyrivibrio	7.61401221416354	7.7180662700315	7.41404883398702	-0.299283393269746	1.40695341248248	-2.7306753630604	2.50160807865143	0.205880938162466	3.62538826699488	-0.19202709033438	-4.57981874591555	4.40051666541683	0.419410765943737	0.768615015910093	0.907067333752382	0.547690676280914	0.762710728352268
RC9_gut_group	-4.20112357303657	-5.32114351933906	-3.58949985053995	1.48126501610057	3.69640208692063	-7.68628389095032	10.1861884037186	0.606995941508606	12.5555128895035	0.331018810426809	-3.78589998198103	5.33881182751663	0.343750043493183	0.320802636202719	0.633967871102652	0.209230442602852	0.530942471380343
Robinsoniella	-2.47426171049559	-1.71788505920789	-2.81342143026351	-0.930628432038474	3.05394586738179	-7.2277744821044	4.08846428608006	0.478596247984369	7.10556195488216	-0.298571985566691	-4.32094107979017	2.16128672506137	0.3697917017508	0.2802968327153	0.623561274861032	0.341644353956087	0.636993824398311
Roseburia	6.14409051377596	6.49458570565617	6.04938345113108	-0.358317875541575	1.17651451574637	-2.20825317892565	2.34812885324536	0.161120646380508	3.26030289144355	-0.283176920975025	-4.65264761522764	4.12802209833477	0.38020836525404	0.551837009909973	0.837027710443387	0.35825472379052	0.655062304380722
Ruminococcus	6.12974573114198	6.11893975160424	6.13680901865078	0.302574297155343	1.81400371218043	-3.06774494829926	3.19631712255574	0.255497066644352	4.35456625362632	0.142392730588183	-3.81395477267325	4.41337706539699	0.439236126602159	0.733285136448587	0.899536787251879	0.675067306199446	0.831451207249688
Shuttleworthia	-3.88030787779708	-3.62870312809935	-4.00673588772135	-1.02086059098383	4.5837265951798	-9.17796344920283	7.80958441041833	0.819931819606611	12.3124595799182	-0.204816616452139	-4.1599710132713	3.50527156240678	0.407279053497635	0.423753373750524	0.72445209098065	0.534354902069133	0.74753878635118
Slackia	-4.11309173863058	-3.97420783744756	-4.24656719013592	-0.146578852482927	3.22317426465091	-7.25420166649341	6.65385905205792	0.489294022513737	10.3746115455969	-0.0409824594382759	-4.56503769516766	3.66081349903836	0.478336227269803	0.612655244318948	0.831842284735911	0.691500656976958	0.833178850377472
Solobacterium	-3.92708202249814	-3.85137915783283	-4.00333270219507	-0.0831198485358664	3.50185235768522	-8.29194219467296	7.86508446822866	0.468893759334153	12.6175098559577	-0.0235185879229434	-5.08860112111268	4.79924382580087	0.485268634539735	0.719092041507315	0.885765317832578	0.749279806218566	0.866173012278936
Sporobacter	-0.154268657312806	0.103047124401955	-0.204461085976667	-0.122509166783474	1.84115159165536	-3.60430226943623	2.85700708687589	0.290422421812203	5.21272657445041	-0.0626122036100059	-4.92988475871871	3.71924098576561	0.475694450563809	0.789504585287352	0.913270081111122	0.847714232614202	0.920544654472982
Streptococcus	5.71963830693004	5.91086977800202	5.64781759792875	-0.059535876376553	1.77042094949088	-3.31494707538399	3.48086364700225	0.265365304827497	3.92776739415646	-0.034872417819844	-3.10444896591194	3.22002780359292	0.48180243090411	0.921861672080256	0.962318787670079	0.854057413495484	0.923440833495375
Subdoligranulum	6.15786223704073	6.6647840549651	6.04676546711384	-0.577471162869795	1.87624474879011	-3.68201427685613	3.06357659660952	0.213804184199427	4.924783553198	-0.258172513975585	-5.62226691465028	4.1715876905346	0.406250024405492	0.521355248756644	0.831917561207507	0.45238232779785	0.714536692850243
Succiniclasticum	-5.36868698470989	-5.83057172990666	-4.9944658546434	0.65954252158887	4.34800022925993	-8.8086517037414	9.95470070276715	0.790598242524659	12.7969100336213	0.116946911563979	-3.28421508503039	4.3218484190092	0.428076274882273	0.575263668259281	0.809998048539075	0.614033040243089	0.78856807738725
Sutterella	-0.232737466740794	-0.148609491896954	-0.489984784910703	-0.567363622504429	3.15988375706621	-7.49303030778866	5.29492204427263	0.385156750012011	7.06215231455367	-0.170046547398115	-4.84836907813987	3.96474801785446	0.409722245661715	0.62414980996939	0.860052170612458	0.546604075876632	0.760621575077748
Thalassospira	-6.65389347037599	-6.22767277295775	-6.94350347576686	-0.59075139471151	4.2248556174	-9.94220994349426	8.24620108130478	0.754136094210111	12.5212411917509	-0.139209793123525	-4.62045234677084	3.42435970236293	0.42187502011397	0.498215824237623	0.742823804629805	0.518677918480555	0.727372996994301
Turicibacter	0.0859992542890842	0.68096092292196	-0.20899064905233	-0.349728170538788	2.75782474603506	-4.84776867309285	4.43549515260919	0.338227215931869	5.30413293705313	-0.122482366583065	-3.88436827199035	3.32137163715046	0.444444458572938	0.645800271407492	0.865060279311478	0.664747488344204	0.82193062359361
unclassified	8.34703134775754	8.68378902489531	8.2238185930809	-0.447419044411232	0.924723701109497	-2.4218020945401	0.985764329627458	0.188524994860749	2.27365868968371	-0.455277553561707	-5.31984733521666	1.7759189383575	0.308492257215968	0.0785195874574991	0.424260926232495	0.101638419939824	0.445044296290137
Veillonella	-0.266025979778584	-0.489434995946958	0.133580270422872	0.611226908297625	2.25934641509791	-3.1360552197769	6.01128312314179	0.20528198904582	7.07820946016592	0.241947588129789	-3.4079866604022	8.25800107305568	0.355902817249495	0.137160624886933	0.502988677113678	0.264103087829942	0.587814163734414
Victivallis	-7.12661159302878	-7.07897836748526	-7.14265252932935	0.029500892837417	4.12307138879111	-8.86354404641726	8.82517626466176	0.647595403710014	12.6610405381514	0.00722104034601383	-3.49667816600871	3.67265329805184	0.496527778649949	0.465045732158169	0.726184141542462	0.521128245592365	0.730204229522815
Weissella	-4.63932779269092	-4.97130038751037	-4.50218513584912	0.32271431246781	4.53718968263883	-11.5335010969353	8.06599291848091	0.633371754385768	13.4282382468991	0.069813067393719	-5.12942595018272	4.29156355837991	0.461805565205286	0.703634118057586	0.876333007286289	0.690423174613615	0.839038554812331
