rab.all	rab.win.Healthy	rab.win.NAFLD	diff.btw	diff.win	diff.btw.025	diff.btw.975	diff.win.025	diff.win.975	effect	effect.025	effect.975	overlap	we.ep	we.eBH	wi.ep	wi.eBH
0	6.40136621583861	6.60212759759516	6.2414868304857	-0.240447637414092	1.19034569541896	-2.19333156961014	2.19151062915092	0.217735040111838	2.88718177486061	-0.192328201215908	-3.67589006298856	3.36297962222397	0.415178573694937	0.421319949078484	0.786239592167297	0.249753662216332	0.601293420847807
1	5.98673477284286	6.11611522481387	5.85847890107168	-0.16715356549262	0.991307281530474	-1.8255183811969	2.19370821161332	0.148643637605999	2.72162565365034	-0.156329980047932	-4.14821027525302	3.99312503019171	0.416852680790494	0.691044563803158	0.894831743173392	0.2483314729651	0.598040838034363
2	5.57243370598677	5.95472361648214	5.252914233211	-0.620769170322608	1.25918377444526	-2.9509004917187	2.14996475632784	0.238282690703336	3.4259366150987	-0.442222362265633	-5.14192492433062	2.4191161249956	0.316406255506777	0.0199012729277473	0.363518375456414	0.0092904623278418	0.187828500070206
3	4.84130804904433	5.30972199034243	4.75263738675677	-0.330199597978907	1.69347336522584	-3.12521653119308	2.91631643017511	0.27305075072235	3.74619464080835	-0.193434666239189	-3.91192114605746	3.06950502171057	0.421081987597091	0.341520666518548	0.747240977599119	0.283229111658037	0.625591938776273
5	5.09282151414938	5.2104230931065	5.01917432203667	-0.242980434146234	1.13541614669633	-2.49024408314919	1.89178355195544	0.175949927417967	2.80725773123386	-0.199857082202365	-4.953727772802	2.82431745286353	0.405465702485531	0.104436169202409	0.484148124205229	0.190450359964792	0.553177972178819
4	5.11079111976826	5.27100584081296	5.01216390541092	-0.272394700760412	1.08529917137954	-2.57408823383659	1.56855245377534	0.169767588672399	2.77719427727907	-0.242644400748654	-5.21089364544991	2.43460705338726	0.386160717401389	0.0937575000593042	0.476536690813179	0.137986851737431	0.493496518407166
6	5.06012583930551	5.31059076165866	4.81717812000551	-0.525249763398803	0.932399881385875	-2.13010296014318	1.34975240609291	0.160616912791185	2.23543480729705	-0.539957008185654	-5.28975441161054	2.15660866500312	0.283482149772644	0.00399156502221079	0.155005331496237	0.00237166565204307	0.12303652815025
11	4.84645884745212	5.0896371943922	4.46990245043213	-0.589401939108785	1.17359852135717	-2.70171649910164	1.5311218713671	0.162044802051291	2.76644468716515	-0.453606695945955	-5.69944804522124	2.04280596701539	0.301171227538617	0.00496501598726443	0.1634374865954	0.00552895035034807	0.146225295304786
7	4.11507561235434	4.40552507886492	4.00431260916063	-0.347398539123478	1.66224407365513	-3.20929902826292	3.00193831099275	0.242862694593544	3.83369887792841	-0.186243430116209	-4.18119279727567	3.19542457332251	0.41796875218762	0.399782681152693	0.77783459186962	0.297052402184831	0.633843085524036
8	3.88501770399167	4.4908365526483	3.79946379354291	-0.262068915682709	2.02777351441194	-3.84098441569147	3.20699849982408	0.320612862747885	4.37975185173307	-0.118009636355821	-4.11603450546806	3.13650840678036	0.443080358639334	0.333274444050395	0.74072496988265	0.488567053501767	0.764475550770331
13	4.31689074858175	4.56297194991931	4.05205464292317	-0.535992288239973	1.15144886625448	-2.70829831034994	1.88394496752522	0.184133566946104	2.97642821127591	-0.408468401370209	-5.62643648740344	2.79827159760697	0.299498054157481	0.0233135353032155	0.368522965235728	0.00358248967513146	0.131597748170574
9	3.90309346281008	4.24945932590209	3.65954501781702	-0.219059333964497	1.93811772499188	-3.22664802099974	3.60901016043763	0.299087875606534	4.35297166002519	-0.106535600247645	-3.57676633649538	3.64094794771356	0.458705358221826	0.798764118877057	0.927511226664478	0.631003262572845	0.83814872656824
1143	3.96499901401133	4.35791607501025	3.87460678259074	-0.172806950073203	1.55858023367581	-2.58989369449287	2.66489338365175	0.246559275345124	3.29947339630445	-0.105788451413526	-3.72385661121688	3.17283463925794	0.457589286822833	0.574170269519325	0.856721572897743	0.474511325662218	0.7562817209721
15	3.58285871894058	3.2350575340826	3.75860350086359	0.551064784800452	1.52657400488813	-3.27445595935661	3.89468384579203	0.227386704122872	4.84684692673177	0.319533151333052	-3.54818583780998	6.18504578161232	0.319018410306579	0.0729592912438099	0.456575569608246	0.0147352971380181	0.22826410992708
10	2.16522219668618	1.64850832642526	2.33923315235021	0.0736503655049443	3.70694707039477	-7.08214140061117	5.61944451799867	0.587564561462201	8.13314399915257	0.0198158277473006	-4.74622827976911	3.58846533411152	0.492745535902581	0.706572297620591	0.903139032328337	0.933299085364759	0.974532672579394
14	3.48694218944414	3.93588940360247	3.28180647025693	-0.588409384978034	1.58274051956589	-3.89418067654182	2.85210733932063	0.247698127327885	4.20412351199271	-0.311266226427995	-5.17894602280425	3.03007508168324	0.349693255816969	0.0981030636125746	0.47855930944094	0.0452577844470224	0.316282913224957
12	3.60442124011257	3.91301855498135	3.21989289348585	-0.581147782166345	1.63840336820621	-3.42756439823146	2.83032763878236	0.301954789999416	4.03976499525497	-0.329926167851508	-4.5512615427449	2.8799605623271	0.370535717886784	0.110933784631145	0.490361119436957	0.0729236213099154	0.379189718963896
39	3.58624643361388	3.76520755310643	3.37024416527077	-0.246514593030124	1.42495451020162	-2.61233145998558	2.90118981810388	0.206888565974963	3.66046870173274	-0.160780586043001	-4.18222347676087	3.37999484019842	0.434151787453228	0.630429055820661	0.878989785385019	0.371705269182441	0.691057278559136
17	2.6073742633476	2.40203616647337	2.71313097364273	-0.0735288739880424	2.9688417596913	-5.31755292092567	4.54602308380213	0.371386344104151	6.20853413980247	-0.0235232981998168	-4.95601146399611	3.50151434488961	0.487723214604493	0.450913602756936	0.800971236386827	0.93359982829146	0.973335370933398
16	3.71191958009951	4.17774669489496	3.4276905003056	-0.575764464622817	1.35850451637833	-2.71526867851632	2.36789516889233	0.185063245378221	3.38001891787545	-0.386096042416215	-5.05197488546812	3.32164876507745	0.342075897409463	0.0802169295677485	0.467424878634205	0.0291449422971089	0.283786557598919
18	3.64320534813836	3.95378866166944	3.42649637420912	-0.434579441720533	1.48109988865966	-2.87663653045896	2.53753187047439	0.208460052923187	3.55191590101944	-0.265134160615216	-5.06065803761281	3.12680001080272	0.387834824493535	0.232921514823089	0.654839702873295	0.141265480105834	0.496634980624686
23	3.29926401583565	3.9448169969465	3.04681597638634	-0.857650425605947	1.43079623068888	-3.27485991080111	1.95157819163342	0.235663981981663	3.38379195752954	-0.542139874186161	-5.65237374871467	2.13033929379585	0.29894032969724	0.00241228620577831	0.147080494687433	0.00416959024041529	0.13415659351705
20	3.7038262215313	3.91639978636422	3.53241900981369	-0.358948371474267	0.852310076320878	-2.91705092192116	1.39732813405135	0.149723824428943	3.05007836922929	-0.367100819240327	-6.43481280488756	2.9384729683219	0.309709827203045	0.0361965387799193	0.388914607182626	0.0110061892740951	0.196917263009592
1090	3.60269241239585	3.73519557463003	3.59331632326585	-0.021583142000642	1.07956570264144	-1.74222742339761	2.03815991877863	0.170016346816497	2.39650244194465	-0.0189294544367831	-3.22818020202995	3.71756283264794	0.490513393103412	0.915715817582129	0.965386123353829	0.848061769992233	0.938280176590147
22	3.37653269292283	3.55130276680283	3.15625429806309	-0.273768708978397	1.48918578072066	-2.66642436364493	2.96861858499393	0.220871410481167	3.57905202588054	-0.166552415440766	-4.52111789859604	3.6517734608781	0.434467374846067	0.722609739066618	0.905297803698382	0.354513529719779	0.678278518906945
19	3.11329563486146	3.38975406566478	3.00118922479827	-0.200666134152649	1.77672192249075	-3.81518249170982	2.85488121641263	0.301907544018704	4.35423517672557	-0.112099091281615	-4.28394501634088	3.36957151452671	0.458147322522325	0.420873047002884	0.787064301722981	0.525751004634639	0.785263284535372
21	1.76733002268299	1.07818049586049	2.25860264284845	0.930971072978582	2.96269105481768	-5.29415005191283	6.52851980102911	0.514766106759286	7.19065721071959	0.28874845895181	-2.96350598308287	5.00674415434351	0.374441967763278	0.0946626489438096	0.4739781770306	0.0805985727776216	0.395308691161871
33	1.7369248399168	1.61630324395294	1.79146907958512	0.0505360262603474	1.98383612618163	-4.95233989779349	2.99963287628279	0.305643314711677	5.98815093363247	0.0232395173689465	-6.15385577705465	3.43298331235259	0.489397321703838	0.313866705355054	0.729256840444717	0.874659745250529	0.950022304082582
1489	1.0414980891813	0.746265698214248	1.27637278422625	0.225038878965904	3.07774658064769	-6.66237504276659	5.48650220834548	0.444178580130344	7.15348928428068	0.0651806602600271	-4.69403637864945	3.64441608725336	0.470719465346099	0.770499676729817	0.918805843122426	0.722223817551137	0.882550090829956
25	1.18610636728875	0.683045555562265	1.45323413228152	0.502379688334745	2.66860516141275	-5.70238545301685	4.71016331722026	0.377836535869701	6.77627845034314	0.156746782720258	-5.36390069831445	4.68311417273491	0.398437502749002	0.807569364415783	0.9326027480738	0.156037999861044	0.511603706788718
997	2.344960607074	2.71031563192308	2.302511443474	-0.198046472062622	1.89912359343112	-3.242913857497	3.16324927642103	0.295138297073975	4.08647947155171	-0.100104407438791	-4.00184810111932	3.37291940457226	0.4547991083255	0.432621493224902	0.790296389249713	0.574552440358099	0.810573574894277
24	2.47230453871912	2.33924905223319	2.57739624949046	0.221879511780916	1.63847569746363	-2.62559119314777	4.35815225108209	0.253692591080065	4.92858747660492	0.122458632729358	-3.25909199146059	4.70351642690815	0.437255997190637	0.268176801011216	0.689887670149973	0.412213960392232	0.713800259284141
34	1.59206595211806	1.20178626565659	1.74720833565732	0.338963367399938	2.32594965441478	-4.03662748746498	3.88981857613898	0.255343296812766	4.9410459090048	0.142023142293218	-4.72606041475728	4.57449351459922	0.41796875218762	0.741461337245301	0.916317022542361	0.274698626931625	0.625256074239483
30	2.62796815715287	2.65015920070604	2.62652104554458	0.0695282117452329	1.48954568234526	-2.56585730716397	2.66752794861401	0.249753246161783	3.35603446174231	0.0417046924120106	-3.58136182750079	3.69634876855221	0.483258929006352	0.847076393907186	0.945729667624883	0.795075319528212	0.915602017641292
31	2.72575312338777	3.1475251672648	2.61349650459707	-0.545695830419158	0.993045967261402	-2.53574825705183	1.1805635578741	0.159619152580234	2.73717873895171	-0.526851294288031	-5.98518553881518	2.02113386229942	0.292247636179905	0.00312992088661041	0.148700336426523	0.00377408048159701	0.129994087261598
37	2.62107723035816	2.97990549532532	2.43180436698139	-0.468080119826396	1.3981706210472	-2.99562084041033	2.20134823226367	0.242565960712969	3.34814721362416	-0.298548140512809	-4.43831844287278	2.70649887672826	0.364397325226879	0.0934099331858837	0.477986722293472	0.0774559244337963	0.389178683156737
1356	2.79758642650999	2.71838194170099	2.95957810405689	0.203539020010326	0.9142641296563	-1.50615610827822	1.80196115633391	0.162114686925421	2.12426679130551	0.211494214515065	-2.9856735080924	4.24424620316103	0.415504742912736	0.246847212838892	0.663026051602752	0.240949971078962	0.595420111562297
32	1.37773469736241	1.33044230343446	1.39014341926298	0.193755098572983	2.04041270583666	-5.31872991561241	4.78379917020636	0.292169383908744	6.76698424369198	0.0707113546003537	-4.43020877438215	4.62899918586937	0.462611608118554	0.785843313310618	0.929015135796348	0.589737209835633	0.814177982029207
26	-0.0104060503699932	-0.226587387171027	0.273554277163545	0.454045394999736	3.41082195322392	-6.90424247340473	7.5156592593948	0.532677388207441	9.23043494346412	0.117510141881304	-4.16572132497114	3.62513639257402	0.437255997190637	0.675575137077615	0.892733080222114	0.424856105770639	0.72397201302815
350	1.06037625755209	0.522423173725597	1.34224457644973	0.792287615770014	2.39729685267796	-4.69808648659122	5.64145887684123	0.381180917593127	6.62129810965867	0.298552151965134	-2.91179093840778	5.98828658605382	0.356385949400411	0.0813341845003874	0.462507661392446	0.0462783178558876	0.321857485017366
1444	2.28417812570813	2.75020996272636	2.08222372293802	-0.550195572085765	1.40829719595266	-2.88803472451657	1.97560499487653	0.218235779474822	3.38817451120271	-0.355371486132882	-5.2407947197088	2.59281704520639	0.336307868667727	0.0385490755770055	0.393657933063907	0.0238171746025206	0.268894810081594
28	2.16829695817229	2.63892963435279	1.95119796219394	-0.403725768824488	1.84528255206485	-3.46969040533031	3.2052256260547	0.285001608113409	4.23474068932568	-0.199573043283912	-4.46099352482054	2.75831391565249	0.418526787886209	0.346984427669022	0.748026017325299	0.292506635948223	0.631872515071135
27	1.07206915782616	1.04040412960384	1.09328900148938	0.0652218288357416	2.69103155951442	-5.75088713117455	4.28024980448863	0.410994221388564	6.26541639920789	0.0223075773867441	-4.72111027887964	3.25930256682319	0.489397321703838	0.560595850560488	0.850955968444893	0.936627714811666	0.973454569964046
62	-0.391421545441397	-1.88675224228774	0.148972296490904	1.50377608592081	5.49643708528193	-10.6807912727071	10.3037406279054	0.635746077193689	14.4177518684058	0.264032680344697	-4.39800371939781	5.76988990103268	0.341885113310232	0.195039545870009	0.59460774014436	0.0357909766221748	0.295539358060284
54	1.63974435223177	2.03819755848581	1.37449370775649	-0.699915669566743	1.67295132442734	-5.49724445994508	2.72872135550228	0.263934320407214	5.50759733765683	-0.329016035222442	-5.74365765279707	2.611690332196	0.345424111578043	0.0393003481597029	0.394424134427373	0.0250061461542689	0.270535715857197
1031	2.14116987832646	2.36960800642458	1.95548860254966	-0.327261003856935	1.44736731786621	-2.88098902487019	2.89663460475434	0.256611547735164	3.68692016922962	-0.194763327719744	-3.81718661294468	3.57492150185539	0.41796875218762	0.494692097712234	0.821185638138829	0.242287320843711	0.595735188029425
46	2.23539718409229	2.52725796724251	1.93424692683284	-0.543259832878472	1.26559487163686	-2.97977591470927	2.0785981668532	0.219231000429107	3.25056953393153	-0.392859831317996	-4.98224349667223	2.61844238523017	0.334821433382977	0.0385932572727371	0.390687935357706	0.0277259641296378	0.278427025122455
1354	1.4483102088449	1.31280093728434	1.54264416876149	0.372555358008844	2.12955382953083	-5.0228266475787	3.58824922681992	0.350103863421828	6.42406005399345	0.150846715530031	-4.28828317165694	3.84110656053539	0.436941965948538	0.889997448815107	0.957604100305364	0.385544897536697	0.699530930036769
29	1.68592193142216	1.79528925221813	1.65838827910443	-0.100229409761214	1.87295388513853	-3.16411722668599	3.02554105100492	0.307834304277404	4.03575539474858	-0.0525302697746189	-3.91185914912877	3.66422522037989	0.478236607708696	0.523546849791511	0.83522851427376	0.766840091991319	0.900706974623618
40	2.08129092708576	2.37290105314481	1.87272351269979	-0.524056504173385	1.52349655799169	-3.66874843641915	2.24314298580904	0.282279746340535	3.80137204567293	-0.308328995302808	-4.96973752544382	2.40485065835444	0.355468754092598	0.0346363036258626	0.38537882754347	0.0355414311904627	0.297018409448899
49	1.60164793636853	1.76035614775776	1.53792196476267	-0.136378889873089	1.79807060008948	-3.37336039284729	3.24852844986515	0.2974834929171	4.00844947302864	-0.069940975518256	-3.8473991489694	3.47773058851398	0.47350808769366	0.599957465644099	0.863810637141155	0.673647235870545	0.858829625627649
1504	1.89394256972141	1.38705206289302	1.99916900509767	0.362107491732272	1.77734188282691	-3.04354604021006	3.41232096656665	0.265684426044519	4.39765203128701	0.177460340930897	-3.54686095273838	4.60106736599914	0.428332405689217	0.446579349237313	0.800665769420757	0.317367683105651	0.654945842912862
52	-0.556239346440636	-0.819702264266673	-0.368964363160183	0.475191951730651	3.91378312677632	-8.746625395133	8.25891717174999	0.541464515113332	11.4749427096882	0.0953320818671904	-4.20863555859778	4.60936444051297	0.43973214444417	0.755641604193011	0.914653004584274	0.394189483759645	0.703150687295488
50	1.80671145356955	2.16046801423508	1.67576854008774	-0.415187986900678	1.47496792699975	-3.34938140995565	2.38012195278348	0.234576214209236	3.76360295166598	-0.256234138239856	-5.24315697499405	2.74229955146458	0.382041274849687	0.110466803181478	0.491939822356843	0.0831987537066039	0.397237157698119
43	1.81446967552052	1.92419630181501	1.77751489778212	0.114834154488587	1.52130559356341	-2.20814281103624	3.11437316238824	0.248111628552248	3.15874286442284	0.0746544962598959	-2.9690889072739	4.18202744724138	0.467373118529216	0.347362688202728	0.743481291150233	0.600399006740807	0.82142880065473
36	0.180744507189656	-0.0839474479716058	0.248294905526012	-0.0974131377865675	3.14424105337983	-6.06635181471098	4.57253618711996	0.422803266676354	7.02398400954496	-0.0363588824883121	-5.24802462739672	2.83784071276763	0.481873954737063	0.286838168688197	0.705437427130481	0.762672564975046	0.899979268029764
41	1.5050416658048	2.22392965535698	1.22932259435786	-0.631645633971786	1.81590082204177	-3.5406630049828	2.7406396228848	0.323295748349195	4.00980318174014	-0.349897721143445	-4.54580987616194	2.58679089445583	0.354910718397013	0.0511318030957338	0.419625923756622	0.0484499780059135	0.322896549234008
42	1.05025572925862	1.26060713722078	0.942063559850207	-0.202365799128992	1.94836500372662	-3.85629348281634	4.83993777773348	0.322975092578713	5.23994625326578	-0.089017505654071	-3.8032999784428	4.18867526452729	0.453987731264238	0.660943210337307	0.886572575820215	0.549500798801133	0.794343223950266
48	1.86379303098596	2.10023892326615	1.49753453240414	-0.392828377888594	1.46364997737591	-2.85769999899376	2.54220278707449	0.228718681902927	3.2768567945777	-0.259193912218914	-4.51172762020483	2.96159542533966	0.392638039727301	0.22336783123607	0.639649556221217	0.199362557797914	0.558692799492226
35	0.785644680434315	0.449680558455577	1.17473765890861	0.580954685094442	2.07484292346792	-3.86125002247282	5.17300038188434	0.266663093816937	5.5065713790777	0.227123971252132	-3.50878714495605	6.02362862020853	0.386503070586485	0.130211427615411	0.518490437515258	0.113625546134651	0.450024776392665
38	-1.98772011953555	-2.49324911578814	-1.66035796880083	0.640810298750623	3.71746202322	-9.38689777224139	8.25051520053694	0.568200373146872	11.3075825175082	0.150206093510075	-5.57935346237942	4.41014327333037	0.416294645091957	0.814358154195701	0.937574049941568	0.253151703652715	0.607024267110917
148	1.29870595489706	1.55453687524475	1.12710946526591	-0.366494883622265	1.85912007045563	-4.00450988514542	3.05929883180065	0.298510011918644	4.39080157472489	-0.177810457522462	-4.59648315088601	3.11569405190323	0.417410716489048	0.159018484488049	0.556884913611123	0.238742423619852	0.594095983283464
85	1.3127817727169	1.53107324087798	1.16747867584249	-0.433013027794905	1.87622167282458	-3.92405659130988	2.62252303196918	0.320636063097195	4.075361511023	-0.224158298123845	-4.98828865789341	2.4488372941624	0.395089288562129	0.0813859446247142	0.4650421553091	0.157793568737026	0.513188858642265
81	1.51207702134391	2.0644112716659	1.40973998445314	-0.490339343444745	1.5774839321113	-3.44682871205488	2.53965484094533	0.238137198288973	4.23097645804897	-0.278343003780303	-5.58401567948273	2.81849595503941	0.404575895427032	0.120260334338887	0.504057065045285	0.167217080808615	0.52723592012456
47	0.234431162225734	-0.383246263384101	0.574706742274833	0.622135826938047	2.9153050548689	-6.07667250260624	5.38563732835006	0.407988074033734	7.77615594896855	0.181591780239124	-4.16537043655237	4.4556626158382	0.405133931125163	0.541857428868531	0.843899126873773	0.227693494791197	0.586652026910976
509	1.26014646442979	1.45609239877838	0.993610432640012	-0.452211391435096	1.71088719472337	-3.56038040006702	3.17032837185628	0.239672572116735	4.14751845246484	-0.248554209285701	-4.51863559237286	3.63725968878751	0.373675407848027	0.187883562157414	0.598056860527998	0.075033300555181	0.379218016620886
51	1.32614424331826	1.3634558302362	1.31513045142289	-0.195686158671029	1.79185265056622	-3.37630345360234	3.03988631365751	0.294281061268133	4.68682102990156	-0.1057338909839	-4.05584062535647	3.21410473443124	0.46149553671945	0.500491399938061	0.826814326821978	0.611234445881974	0.826014665255723
672	1.71246433331414	1.73700608832141	1.6990614687231	-0.0294548300903728	1.10781836031455	-2.06729911090414	2.44165607631015	0.204076723707312	3.18973345960455	-0.0261049934359193	-3.69899812945173	3.84422570284881	0.485220301554667	0.898047073054383	0.959680588555213	0.825876939324264	0.927039098917146
785	-1.23881943992686	-1.87424056941336	-0.650184632670044	0.720894578730414	3.78862332721634	-9.42757321068379	6.61426885726776	0.544691088149087	11.2238601685245	0.167146516816511	-4.35768738418019	4.42365768947429	0.415504742912736	0.851005973886835	0.944700526275213	0.251567103022812	0.604475762276285
44	-1.36133089676863	-1.76125834757283	-1.05592821077478	0.390476969359749	3.70819276069648	-7.40022725683779	7.50513669401331	0.497583679971457	9.09962329641246	0.0928139328542466	-4.63621731756074	4.51344874032744	0.448410486571962	0.682808723576555	0.893135012884501	0.500193574927055	0.766339400229972
59	1.3743688176553	1.42745239772564	1.33575037549138	-0.130230556033351	1.56742510245819	-2.9344943657082	2.79050527408916	0.268179124760508	3.77089110204863	-0.080352196294755	-3.9272029465304	3.31805356950872	0.465142220651422	0.544425969236508	0.841063818283844	0.551810209359181	0.79338613020029
60	1.16198455391304	1.28364141219313	1.04975792345449	-0.0975106576914633	1.82138978040118	-4.86643562883066	3.30607962828312	0.277937084590012	5.65452542341952	-0.0478228514898192	-4.96568801588551	3.64584189281467	0.474623536632721	0.363841642560135	0.75689458743072	0.720431586032582	0.877977523976282
84	-0.470770984183207	-1.54362075523408	-0.0773496967884242	1.51012097469884	2.68604534303417	-4.62344823691741	6.95422573312783	0.388581585476949	7.2368077062216	0.519247950703766	-2.74915078080612	6.37306232172878	0.243167884113322	0.00266388825288781	0.150143190832526	0.000281006253206058	0.0428574386880054
56	0.889604027619882	0.87119029920247	0.904334280052183	-0.114991574846805	2.24046983712154	-4.06835824722024	4.4532833330911	0.354615398799665	5.53020563206485	-0.0426361119709674	-3.86626280066494	3.97225240913542	0.475446429210142	0.757073537512049	0.915252050848203	0.742985688256406	0.888775396411062
72	1.27485852762629	1.20709592456718	1.30812705618666	0.190636055051999	1.95874498869319	-3.15695985058894	3.79382064288906	0.329133039972341	4.43862698079449	0.0946805670155081	-3.20580393429405	3.94331254600323	0.455915179724407	0.561579615085592	0.851800921473767	0.58325081780107	0.811615400913629
70	-0.669836779169892	-0.661306095519287	-0.685773078007118	-0.550121346169072	3.67280351539172	-8.54494084523107	5.28348861168861	0.419939273679331	9.90994308164228	-0.147539252213473	-7.38184997928262	2.79638629223214	0.421875002078104	0.0853738664910495	0.467855369308325	0.339106722089448	0.666312253644205
61	-0.224362769915166	-0.672857616900708	0.0358813899757173	0.550679202945199	2.41236888683155	-4.93260838327748	5.59830617055042	0.349075825751291	6.15328068920413	0.192018665868561	-4.32687273471042	5.39624232881591	0.39285714577135	0.383494995323589	0.76508765633183	0.145124459676028	0.489174621954637
53	0.318698574956848	1.49182311026854	0.0224595797835621	-1.01556310844259	2.71013270385174	-5.04159709214681	4.14987739329649	0.392686910173202	5.52064120698919	-0.383283377374229	-4.92173870931935	2.70332186701954	0.356584825483878	0.0452823908935111	0.409356305300061	0.0469146342679848	0.320379187425765
66	0.572182307276938	0.206777610360333	0.749531765943162	0.352945271682349	2.44545140136646	-4.43051791637089	4.25863039528017	0.351787713893341	5.44816732332405	0.134879968122606	-4.15394414051504	3.89370374111064	0.438371446128555	0.805251219215266	0.933206267233493	0.403105239044728	0.70947827906839
55	0.964106002519796	1.5653507069333	0.787227241510533	-0.583643239316	2.25942297838518	-4.49666637795786	3.53137288388874	0.367394101220255	5.47577139657875	-0.249182432435622	-4.53312161085977	2.65571297166713	0.386718753098745	0.14665740535367	0.538514623112094	0.109475622630292	0.449666415463133
58	0.329406686215624	0.264280091296257	0.418022629115365	0.438223479740792	2.27583750941772	-6.44464612032676	4.18804838969866	0.320803782357562	7.49312659127403	0.14129382714817	-5.00301989220524	4.49960019489846	0.426897323367046	0.902631186082192	0.959767735372711	0.302287320553695	0.642764611010766
301	0.487739379936205	0.29255963626329	0.572519747412682	0.282108358969992	2.20277986792246	-3.93837506226902	5.21995342976069	0.338635446666419	5.39330963601641	0.120972490707963	-3.48725168256498	4.40039438312615	0.441717792942608	0.567217892008467	0.855482924889181	0.422174524521641	0.720033812421393
1445	1.14800834364465	1.48355023731826	1.07217945177605	-0.400807316020947	1.75817850084199	-3.56643331534754	2.80875111821825	0.282834765963249	4.26072725516533	-0.21238549898627	-4.9867204006009	3.27641510043924	0.41773564078627	0.205149019873718	0.619196278406255	0.254966800458261	0.606274119238236
65	0.309235029786356	0.00355574766641542	0.586938932943275	0.645486478137399	2.09900158187143	-3.97558344734263	4.77661620791606	0.320721168673699	5.47567485242766	0.276272525001597	-2.9465207106859	5.0747604131923	0.356385949400411	0.0824346044389516	0.46200901339525	0.0495223278844925	0.327230711361953
1074	1.5591767107012	1.36222326625604	1.69011307001694	0.370723814503717	1.05037738000641	-1.68958977465391	2.16371001425936	0.184617581450666	2.3843307505142	0.33073847213169	-2.4399012401206	4.68475279486088	0.35917457172844	0.0604235101036047	0.432871922383496	0.0569504952798266	0.341615167534724
64	-0.396258254161928	-0.70997858058462	-0.112128503560686	0.52256635835585	2.85037911550149	-4.84654333619661	6.01866161853941	0.345533706168474	6.56706565796608	0.179165272997981	-4.05670174647199	5.22934948610305	0.378348217641253	0.327991784631362	0.732555411981771	0.124107254145576	0.460085380838223
97	-0.536267584790846	-0.75139103464526	-0.451386294226248	-0.15233317736729	2.97418029023771	-5.84284995865946	4.39474681906509	0.379186945692512	6.1146168360706	-0.0602230672229589	-6.01383886665626	2.96827304128697	0.474623536632721	0.220459259352645	0.635590712333127	0.696277292914859	0.864580524470929
237	0.319777141184093	0.278313354086346	0.348939756125316	-0.287061313630873	2.16341049287143	-4.25116821181439	3.14451963018015	0.318500689398007	4.56942403768754	-0.130872473093106	-4.14675236360231	3.28795446234823	0.433035716055198	0.288625818957901	0.704510320356701	0.431690051441593	0.727515197358465
57	0.168386274642044	1.06392934007559	-0.13177297277702	-0.931583470286611	2.60017900010229	-5.26726378757228	3.86664017693175	0.412806993103702	5.77871532220499	-0.360517498375748	-4.86111894850079	2.51876450339052	0.358258932571075	0.0436445073033416	0.404772972570896	0.0444110143598856	0.314567906133477
383	0.637859870522179	0.939508046693829	0.515163138501532	-0.683404466158474	1.97126735641225	-4.17361958410919	2.65454767071862	0.341924901590155	4.24432436878473	-0.332534924974938	-4.68774281830355	2.45834312084965	0.353597327073307	0.0191929241417632	0.350989693650637	0.0378571820338855	0.300086598178683
69	-0.627999562447337	-0.696483550600558	-0.589845361860047	-0.204813555612549	3.30720119401629	-5.94880674153471	6.99750524699746	0.516888506862575	9.3917553451317	-0.0568603641427897	-3.82310976806181	3.76880151277874	0.470719465346099	0.815621079121006	0.934487293328184	0.71465158320592	0.877567032996888
76	-0.738442950385884	-1.02608058407393	-0.639951505723264	0.33880798559472	2.50886817435935	-6.04862981774351	4.84486425628162	0.42811791052752	7.38449617228818	0.116219274158946	-4.69243474979381	4.1167168822539	0.44252232294011	0.881701075552937	0.955795939926672	0.470481163815184	0.749927327413891
1185	0.159255362606696	0.0474910174174372	0.217007855737953	0.0304881796929601	1.92900796085267	-4.47723986329721	4.9560576733451	0.302287229367907	5.63225105489303	0.0124503183478389	-4.7591887693592	4.32373085760156	0.492470719659798	0.759436151612341	0.917574511310107	0.876649039442798	0.948628148738725
89	-1.2376037568443	-1.35738618437319	-1.16852036932821	0.0307374854590936	3.27583826151792	-7.07585044979248	6.45413919838175	0.415013895964519	11.2017906387225	0.00508189010599935	-5.50565388025956	4.26401089644285	0.496374790947294	0.566697855152168	0.845714026409686	0.851148294236557	0.937540517880593
629	-1.30105688995394	-1.57444564957102	-1.16302537380346	0.378772480081615	3.53828521846599	-6.72380508114122	6.85342080027423	0.663383253001036	8.92663095334719	0.10030957551481	-3.55002773200393	3.56748583360946	0.459263393921335	0.730998525102526	0.910103184845051	0.550187467154902	0.797497978720976
67	-0.221113382553805	-0.565037780332677	-0.0686156242594693	0.278158814527205	2.43398834483235	-5.02000512101547	4.47405119336159	0.389575784665486	6.58650425217676	0.111224259084175	-3.90776353394195	3.947387717891	0.447544644233525	0.803197335221569	0.93217874116146	0.433048558765358	0.7266467465277
68	-5.59115623963024	-5.91983370802266	-5.44847529157468	0.125450380423901	5.72493109046894	-13.5290527057224	12.1666120363777	0.983472589262657	16.4708360838966	0.0192318811535636	-4.39689717770363	4.25814598453732	0.491629464502993	0.720489808535336	0.896968924735768	0.718774734807457	0.876575173958737
71	-0.685799144921408	-0.359182222859774	-0.809842411689734	-0.439898149085256	2.52043436577438	-6.50159655584051	3.91905880459495	0.445568629262143	7.17952319588292	-0.157218633224607	-5.35521268906441	2.6856656452675	0.426101507814436	0.172339918050852	0.573896858451689	0.279590782564575	0.626162571559407
82	-0.225833677524962	-0.167846761414653	-0.259759838582125	-0.122898118135655	1.96251952886258	-5.34119662238994	3.15120368974722	0.307885257413767	6.0351571638725	-0.0469900902846843	-4.81621128751284	3.28387765376227	0.47629671004135	0.375522001364366	0.759599310084355	0.750210933936992	0.891382382216323
79	-0.0714706274582291	-0.0371945112244925	-0.0808204518534987	0.068634842726544	2.62354970519603	-4.81421265813377	4.76398933480774	0.416100651027335	6.62336962730367	0.0246334398781651	-3.82511526114494	3.35155862346326	0.489124372842	0.920684373645348	0.967178578759495	0.894834170297569	0.956398287691088
77	-0.762405109091825	-0.852451488457019	-0.726197678261899	-0.0454448782827113	2.84394301322647	-6.11268771779558	4.95432777114103	0.50886308535804	7.40502429496051	-0.0165051364502655	-3.79014740219188	3.20746121161202	0.492745535902581	0.757527445846205	0.916585196353837	0.903025339970879	0.961660506025385
1004	-1.36495799881657	-1.46068457027817	-1.29183486642515	0.313405489544936	2.75453112067778	-4.29754660455714	7.53056300035026	0.442307669924722	8.36859495572693	0.10189920428272	-3.08050892103772	5.67163212956807	0.451756833387211	0.228294939949911	0.636491847852665	0.471035994222116	0.749828211343252
318	0.177260710607722	-0.0921693601445224	0.358048225352271	0.342056443978818	1.84085395190729	-3.80311648230247	4.21112622767555	0.298867855809072	5.14739157939127	0.156855309582332	-3.8339459361273	4.63799480143172	0.418293365254697	0.536567819571534	0.837899109162758	0.256846306390059	0.60984171766536
86	-0.508408354232942	-0.230503186953916	-0.667012036539163	-0.382160445141741	2.05794911135071	-5.38850001187163	3.38313179170953	0.3027585345909	6.11743973841268	-0.159251799886901	-4.9597135533136	3.26282114959353	0.412158396102978	0.184893502092056	0.589314077125034	0.23696617132363	0.582407783742975
95	-4.35763143163689	-4.11882984150439	-4.46499277246818	0.354819685987597	6.02128083407462	-10.6520488509574	11.4105257160799	0.92624239795468	15.196992289826	0.052059345392962	-3.42075477655252	3.73276842850987	0.474888393510445	0.709154631654387	0.895509616675149	0.698456432250784	0.865304031729644
96	-0.979550608971506	-0.94575634706097	-0.986937799045338	0.125830798536515	2.76229403114239	-5.09892900982303	6.09624489950445	0.418250712037678	7.49606493480215	0.0422778815869964	-4.0179907825918	4.23810765937435	0.4815848219071	0.758123946028361	0.917053347495723	0.808668528364504	0.918907667123408
91	-6.43635290946562	-5.64779721882398	-6.75848401610887	-0.502124751823084	6.17230123853179	-14.4833759243108	10.9106346378392	1.02702788011249	17.437518055601	-0.0719255819934761	-4.85056272322839	3.07663436456937	0.464285715217264	0.500834471762466	0.780720154317352	0.614222550970597	0.815239597789879
124	-1.38316534655841	-0.516331350175006	-1.57346647251128	-0.924592024283805	3.16893067638801	-7.38852817081388	5.51670635199744	0.56799359073179	9.24454770719118	-0.248778585274034	-5.06288926599426	2.65036423511913	0.386160717401389	0.143167512491691	0.535829690117916	0.138774436752417	0.486673464192851
447	-4.25391281181256	-4.49637943746291	-3.99705292423196	0.191535021544451	5.23781286071923	-12.0329061747189	9.57981769202104	0.892268883347382	14.436631409629	0.0296776260876359	-3.75954116442834	3.67384201077186	0.484662577085058	0.776793678317383	0.921110744278851	0.791833365554006	0.909664680103239
1007	-0.217883745267207	0.0991142849756885	-0.37902308376887	-0.355925834361703	1.81124566423513	-4.63977570844428	2.72349121653524	0.289373353226752	5.36652064281275	-0.173501800732045	-5.33138990752807	2.89983507176854	0.41160067163475	0.119061498738561	0.506285200547211	0.234953182058483	0.581380054664799
80	-1.96894653233384	-2.38446702575347	-1.55527930165819	0.846472539949341	2.83130561819294	-5.72776774701723	6.61605439386235	0.419988042101954	8.43215589213973	0.259450359454123	-3.65263990178553	4.99205827721758	0.375000003460043	0.180946122276072	0.582956677935996	0.0840397140444272	0.394678953974013
87	-0.796070114341289	-1.08881507752726	-0.521486828509649	0.570677888920699	1.85761745749473	-2.79965118282596	6.2988198146472	0.296077500841714	6.86619403704996	0.266593043354091	-2.58591971721243	6.58594881438618	0.353794647005959	0.0271163455859552	0.369273813353328	0.0480013270956799	0.318328684546884
266	-0.359158962137238	-0.459391340121557	-0.32078228332854	0.153605806070204	1.64622025105459	-4.68310125905223	3.80869885796035	0.30691232094393	5.31836886392439	0.0753882655859174	-4.62743057624664	3.99061135416059	0.458147322522325	0.899405477927204	0.961109152725704	0.617365236879709	0.825002889361919
1122	-1.93650081060995	-2.11931711641306	-1.83320041714589	0.416827393587755	3.68521929509344	-6.0150769839592	8.74754838936657	0.620984494792947	10.298294123153	0.101724846275609	-3.19792763507057	4.54518075226998	0.437500001647639	0.372221864751479	0.751108170707386	0.443573163708509	0.729563926242059
117	-0.0556482856765657	0.111329782526183	-0.135387874864708	-0.17023438731036	1.75130589251846	-3.81039625267341	3.91657509125206	0.244611972976695	5.10488517728616	-0.0848195807201765	-4.55373350426381	4.33461157030707	0.456776353610726	0.834717843543602	0.939432673861155	0.576519764396022	0.805334334245969
1164	-0.827365535458663	-0.582328193600286	-1.00804176075849	-0.29555017114258	2.20298963230394	-4.57394253899635	3.82636145161953	0.305408357801252	5.53953180821496	-0.126033635417054	-4.44154172253	3.46039489339635	0.44587053713562	0.428405468575499	0.782908480857264	0.476493638068842	0.750939827536183
104	-1.358627279528	-1.37921381668085	-1.35122507889909	-0.0675616683653386	2.72503659201071	-5.54898059787832	4.64683816153085	0.371661399687345	6.32014632516836	-0.0259049880226692	-4.49911700516632	3.49776010693701	0.486335750493892	0.575921687009231	0.853297472549324	0.795224497409675	0.910537170357967
100	-1.63705748338027	-1.74726043906717	-1.54327674223192	0.0111812487599554	2.56813720011004	-6.94504283138543	4.35482194722534	0.437810661614855	7.53850093417318	0.0023094023542307	-4.71804391898095	3.66825578267368	0.49720982150098	0.506022769990753	0.823808197434292	0.825526672271455	0.927283300599929
98	-1.16692627768853	-1.22170523782172	-1.12242806670153	0.0737474279910941	2.35347967196349	-4.05934984601079	5.67694589883475	0.415744344362166	6.51514580362458	0.0260136921782975	-3.2809382905084	4.45336910852688	0.486893474963509	0.53832259836827	0.835548755141058	0.834174066735522	0.929100293566922
109	-1.2563239924761	-1.3627098532048	-1.18356923376009	0.105459689327748	2.44360991493592	-6.06932358816058	4.935537141951	0.361845780867886	8.08880620442301	0.029382757291834	-5.57527457910155	3.72322410193414	0.481316230267474	0.715313782611112	0.903790132252889	0.781281525689249	0.905118104194871
112	-2.17940132968708	-2.63997160393244	-1.7539321411708	0.8934522675488	3.80535287772089	-7.42623193946121	7.28316694885544	0.625649743945948	10.0066899137726	0.210016053866848	-3.67073485163646	4.45270194054757	0.399330733338811	0.370124447107776	0.745323159016498	0.185357842391003	0.539494490209517
670	-1.33029409388558	-1.32020331401302	-1.34546863711306	0.187523098430078	3.00737061319679	-7.17077508790955	5.23522912700268	0.364508309053876	8.49550330288876	0.0501305886114711	-5.12786005350938	3.94357210975285	0.471834914285107	0.878161277476687	0.953721106630739	0.707215407914275	0.871207858196228
1092	-2.36032304280368	-2.91437514666004	-1.94396837646788	0.920139315813334	4.31014499951479	-10.0427715345346	8.83252472554735	0.646976453029091	13.3308420917523	0.177433419204621	-4.94314601749851	4.65310381361755	0.392080315259829	0.676351167266079	0.887271934815695	0.154171704213872	0.49991098775549
951	-1.68913118199382	-2.02555104508042	-1.51786553672631	0.443426986624861	3.14001435721897	-6.77364485928789	7.78644768327305	0.455433868715978	10.001064498039	0.135371607248041	-4.12513189137877	4.98667419481773	0.427455359065896	0.502829410884867	0.813396116546062	0.332686199780114	0.660311686946118
102	-4.18416066101448	-4.26556662294771	-4.13026804849042	0.53629821808252	5.36251235551577	-10.0116824673561	11.445237671136	0.799258120575265	14.7349793370561	0.0854615398286035	-3.4945947508653	4.50870357027363	0.456776353610726	0.613315423248128	0.848848692697885	0.572254249323663	0.797654640700047
178	-2.64128144976368	-3.04825481943138	-2.32066648954221	0.455720465201933	3.54115808396295	-7.34537410301884	7.31149844408717	0.581709505122344	10.1267795481951	0.120057118819103	-3.90671569708659	4.23651656311302	0.438371446128555	0.650903618525087	0.876318036360173	0.390533322732965	0.697665267623732
346	-1.53289093346004	-1.42463985504236	-1.59748852772507	-0.179892765848986	2.6456586591749	-5.11670643003711	5.19316146788084	0.429073406898996	6.97331377483058	-0.0670640033287444	-4.0672607468706	3.67906795769089	0.47656250060955	0.827832177839235	0.934970212364761	0.751555227842077	0.892112091025063
975	-1.30204196496877	-1.66140054253774	-1.11773953310107	0.477561153717442	2.12226350808853	-4.58916888116596	4.5280245161681	0.356575746875509	6.43251446067503	0.179139683287659	-3.67164493690033	4.28942712095716	0.41327384503949	0.423924725447393	0.784251608536885	0.243287542733496	0.590018381747819
130	-3.31536378466735	-3.25824635545794	-3.35926467887249	-0.181777971102703	3.45893386952507	-9.14039100349988	6.96462903330257	0.512458327031111	11.1365910749845	-0.0435023311510576	-5.25052570987843	3.97794093505492	0.474623536632721	0.546305430973242	0.828573108117624	0.706379229207399	0.868033826746
78	-1.56252753171591	-2.38785081098125	-1.05250885108234	1.09511935144872	3.67211583877917	-8.07053995328648	9.91593361980622	0.495393394595782	13.0079083811736	0.255581872999931	-3.77689209595343	6.27125439063156	0.331473219219546	0.130464315514071	0.517074549026011	0.0264169197641341	0.266791434147447
106	-1.04101412408943	-0.966347968151279	-1.11566416827283	-0.346163525071758	1.80329687784513	-5.40077838658985	3.17718530316108	0.295898993878248	6.01173704841711	-0.159397596229886	-5.20602744242709	3.41470676569141	0.41327384503949	0.182325082539233	0.588274907118159	0.244248121645014	0.585824358864274
1370	-3.80621825389157	-3.90077302117162	-3.77305176582125	0.449033546689134	4.72472229027464	-8.64448383841524	10.7069628504962	0.652000013690982	13.5447672146448	0.0886271335738454	-3.44839780171387	4.46268847985877	0.458705358221826	0.572071725900202	0.834373350760431	0.663950469086455	0.847393941730151
819	-2.98398348446858	-3.1353526121999	-2.88166191828845	-0.0651837796613171	3.46018345377171	-8.59669296552149	6.87407186528079	0.502431856715295	10.5567351161511	-0.0171362595735832	-5.47722343464402	3.58525497439507	0.491629464502993	0.485868060457517	0.79814469097582	0.798818680038267	0.913350448734735
129	-1.62865495014911	-1.68207305022319	-1.57336019077709	0.179137117027193	2.2930872786536	-5.98192757260233	5.14610048097206	0.334531093926251	7.09621864732006	0.0753033739257696	-4.67847138641991	4.57276058156979	0.459821429620852	0.817882475660124	0.935415269897357	0.576431719197742	0.804325495982034
133	-1.56810975352745	-1.68484568282379	-1.453528703381	0.124826938516509	2.30097426378454	-6.81431761103034	3.31940300371399	0.349194663649415	7.68439642322979	0.0437400988824062	-5.78932822542076	3.36780074747569	0.475446429210142	0.409494449102707	0.770331313064383	0.819645347985909	0.924736093844488
538	-1.88081505503141	-2.14728966944303	-1.68833945075296	0.413348427832226	2.13348371258106	-3.51482122364	5.68247901278366	0.362790805409389	6.34572715863053	0.17565869470147	-2.86659610497978	5.26908596523036	0.413504466599545	0.177819120888213	0.576250145420661	0.221642515299814	0.565904514001576
144	-6.46587175323765	-7.16939660618498	-5.9524371409921	1.24719121917465	5.51075227680723	-9.13613312347672	13.0736410732049	0.993561334272065	15.8316259903733	0.208710364673862	-2.89528796440698	4.28173416252324	0.402119355677906	0.234696988769539	0.594278349343381	0.252018903727996	0.555610412443981
143	-1.7502203691522	-1.97605123846189	-1.50793079485867	0.667542419819402	2.35745655105017	-6.15429137670567	5.47144704123649	0.390305382896875	8.98041460513376	0.216377069031136	-4.46461240235572	4.399542984065	0.38448661030948	0.452986435595018	0.784618018818632	0.133713353082405	0.474453778741504
616	-2.41354381023217	-2.56278930127131	-2.26117245409002	0.345751836800664	2.92313589351329	-6.33157938546316	8.57904025976692	0.430744344947168	10.9118533112048	0.0985951334681709	-3.18242066437574	6.07636007893485	0.442275517411659	0.301758366063242	0.693969329116344	0.352854594010803	0.663445976973531
128	-2.95348560116994	-3.02147719653743	-2.90386687334557	0.394920984591449	5.08418652824699	-9.45849118941234	11.7229256800834	0.821651157649639	14.9392536288929	0.0766274807007347	-3.27993148783375	4.82981592469379	0.461238149365548	0.461671396496131	0.782780477455417	0.557914232279937	0.796902126386985
126	-2.3339035482878	-2.23123801614358	-2.46192652700087	-0.273980732568486	3.08112073482108	-7.23530428964919	6.32686788717772	0.504072889489516	9.95655502643326	-0.0624442206252978	-5.23802067115589	3.8227626143589	0.462053572418998	0.574109968821986	0.845944357582823	0.639871230882866	0.837987088878712
155	-5.04508975264252	-5.38283226955326	-4.78368788014894	0.761695823721032	5.05985472118805	-9.61767796976235	11.5456255082984	0.784888531808767	14.823580673818	0.132198519056946	-3.38608319322879	4.85528582494975	0.431678752501832	0.356266247880795	0.707493749064318	0.306100665354749	0.623293905153804
203	-5.20490841312623	-4.74818532753404	-5.56748861196647	-0.12016150331928	5.47212687990704	-10.4361825423101	11.6225049480044	0.869919709547582	15.8300742474913	-0.0184293299915575	-3.67734700875608	3.96009559502741	0.491355270720525	0.695779553327148	0.88675697521742	0.786978319470414	0.906557071136711
92	-3.15838812700082	-3.53377610894525	-2.67396939193434	1.0422700058852	4.20628719191464	-8.33617628835797	10.0475593357968	0.689685370528443	13.2146805663574	0.212620254602192	-3.14859000974894	5.10863737283157	0.390407141857561	0.239246445682858	0.624929392706713	0.141401426436793	0.484290689364483
1082	-2.08072591201147	-2.12666148401537	-2.04729930873011	-0.0618096638469119	1.82357723912934	-5.92790357374683	3.26842914674956	0.276915051988454	6.70777243113717	-0.031108393104946	-5.56600407339989	3.5895842109421	0.4854910718054	0.538644032641806	0.829225689700063	0.75943322259407	0.894636421717044
168	-5.41341375888967	-4.9315242544453	-5.75296233997935	-0.335730806837559	6.02246447701506	-12.1511780091254	11.3076526325828	0.999103354400764	15.4714596590585	-0.0516481497805538	-4.1862661784698	3.06004924748359	0.469308036513764	0.621853999304478	0.854240949120278	0.669616511895608	0.845928151362608
114	-6.25240094527269	-6.47069974627386	-6.08364805775868	0.226314557283561	5.98389440861354	-11.6114164603265	11.3228218613023	0.945900575052604	15.4733297099621	0.0332629691324198	-3.47900363067153	3.69666198333808	0.48437500040587	0.668156965380599	0.870348412734891	0.659761798582855	0.839585287826253
170	-5.72099086402073	-6.55190136531607	-4.77952537112277	1.58901883215857	5.61483951488637	-11.0050381486683	12.4947936993757	1.00672133848057	15.2969947710746	0.246719444791373	-3.0693269898756	4.71974643676548	0.36809816318402	0.225702059915421	0.596760697003084	0.141161164651397	0.449074398671976
161	-4.46259446553997	-4.44731080595833	-4.47730497093931	0.553765588300454	5.35570419318418	-9.45612116233866	11.6163236433549	0.884749557292737	14.7228949063797	0.0958870571228773	-3.30057079195713	4.14902236001347	0.447544644233525	0.477113990135728	0.789298306080062	0.584765034619175	0.804018491676171
175	-2.40973454359205	-2.23665020564128	-2.4866934365613	-0.25699089688262	2.32650032221076	-6.66010147041619	3.97220563415339	0.396727191427299	7.77269515958108	-0.0881502849211802	-4.84012842557193	2.99727667462615	0.457031251123349	0.473108269657566	0.795316573896562	0.634643468118447	0.832179008282438
209	-3.75550898487837	-3.80660019081482	-3.66932979018413	0.382870827308177	4.24530526889963	-9.00209588590805	9.62371640527644	0.6886360155863	13.9235803549508	0.0772157556794897	-3.83397809029011	4.9958148989936	0.456776353610726	0.614327451864386	0.853258147809227	0.605484807461133	0.814948266713817
183	-2.74541552523818	-2.45460421294275	-2.93359073401445	-0.744961108740622	2.84529881471717	-8.46080745088005	3.89826024179351	0.486552536887458	8.66106459048585	-0.243587647924861	-5.52304974012285	2.32378000733088	0.393973217166691	0.0521852790355712	0.411630118366675	0.134990535000107	0.46779063858524
160	-3.069988645905	-3.63696864197614	-2.68030484743675	0.969156291438717	2.75675686521571	-4.11690964132328	7.66302191285529	0.464947132190634	8.65538109018934	0.318162027673286	-2.31926355089603	5.2962368736586	0.342075897409463	0.0456756204926832	0.37402336524788	0.0423535281602524	0.298506315429794
634	-4.19323748140602	-4.68870362742443	-3.81459576966102	0.854632991805166	4.57991390656785	-8.52364241006217	11.0400867488192	0.719933850617571	13.1271436940837	0.163342278073071	-3.66190786449063	4.66725172632401	0.421081987597091	0.347586953718924	0.694581022816337	0.284890867445218	0.60856306934683
162	-3.51865487915667	-3.90745712330539	-2.93932688306467	1.03556878266193	3.79633186124081	-7.3049439084454	9.85371221954765	0.635521117674575	12.1813851109621	0.228393885523389	-3.81190728564946	4.84651450448463	0.380368101448838	0.186567936006019	0.565507946968136	0.123358597616797	0.445395791889012
1477	-5.25260504715165	-6.01305065594876	-4.90196390881203	0.736204512808873	4.37548258826254	-8.59517372742848	10.5258944706504	0.76066756419704	12.9896701692371	0.146031591817617	-3.75934703218501	5.04787504171649	0.432794201439485	0.445836698041507	0.761028656502641	0.383039126226328	0.672486705420799
184	-4.59888652801785	-4.64101407156649	-4.55717728975671	0.605842794571364	4.65922044792016	-9.57264686756719	9.72407762486015	0.841757450147488	13.944215479706	0.110503893963539	-3.51251461011765	4.18243283930114	0.440290180143335	0.619233319520711	0.84947717172974	0.481187679759162	0.740855576405219
207	-5.91830753419287	-6.72439793375345	-5.46668840060521	1.0370373349205	4.83342163774563	-10.5556954647714	12.0140580449274	0.828143126628832	15.2313763542707	0.188344009296857	-3.67631527020853	4.60227410677173	0.404017859728921	0.342057845394441	0.684698967567637	0.228750083023058	0.538572863666939
1046	-6.31137695150686	-6.7724158465767	-5.98953136048288	0.716311284896332	5.04704806102047	-10.9372621815435	10.7698824741965	0.821444353543145	15.7506048317851	0.123428357424958	-3.77615006034372	4.35602627804752	0.438929170597533	0.550742109753508	0.811449547565215	0.417523155902638	0.684891693650784
261	-3.40463170434828	-3.55424567365222	-3.26621091565486	0.183084155686632	2.89078676307234	-7.3382935098823	6.58752354957169	0.448108175696672	10.197205293905	0.0527057069986427	-4.70022180033532	4.39332624679683	0.467930842998682	0.744382208303044	0.907989772692748	0.669720421866049	0.84753537737051
268	-6.93390868270144	-7.44160288148736	-6.59993822992539	0.654408250655831	4.81668129692357	-11.6256913279306	10.6479398313806	0.858061479120849	14.6987857596643	0.118975813809246	-3.72007599700252	4.49769204956908	0.433351925908331	0.533908820993574	0.799625412288405	0.446945149803274	0.695485880139867
