rab.all	rab.win.Healthy.Metagenomic	rab.win.NASH.Metagenomic	diff.btw	diff.win	diff.btw.025	diff.btw.975	diff.win.025	diff.win.975	effect	effect.025	effect.975	overlap	we.ep	we.eBH	wi.ep	wi.eBH
Acetanaerobacterium	-6.07433987869936	-6.38465516106552	-5.60100482193684	0.620738515282601	4.1176916359604	-8.74883258828885	9.14491172899783	0.777667692007847	12.7501854607612	0.13612364596633	-3.71166444227722	4.06472793403308	0.436741783855609	0.557798958540971	0.887803871761913	0.545608802961744	0.926925868779128
Acidaminococcus	-1.20491498788331	-1.43077358841008	-0.64185022466828	1.06445773468085	2.82022487361345	-3.33427829932122	7.54874864733299	0.343397897300101	8.58542003966657	0.32685063764364	-2.37115958263978	6.73883884983197	0.343750043493183	0.2270777061024	0.820101301428026	0.324635769609647	0.912901618857482
Actinomyces	-0.790399184041783	-0.539603447891326	-0.986260884663452	-0.59329989607431	1.79580996687546	-3.94264976293542	2.19749106458569	0.232975931928115	3.7763332003086	-0.335979300230171	-4.82230142419037	2.47850878612215	0.350086696342889	0.224016218515376	0.798741278963009	0.290550273062851	0.872499742683897
Adlercreutzia	0.785725320797353	2.57808423521151	0.549781190193256	-1.49756161618275	2.66276091055692	-4.8340820139719	4.02997126554951	0.319410284867614	5.78302714700085	-0.489361874623593	-7.70229395897419	3.34460988899443	0.351819798026945	0.199198218369155	0.796116846632241	0.321879093236485	0.912251821848865
Akkermansia	3.6569328079669	4.40986692685743	3.29555951031361	-1.94069176720225	3.40168375309994	-8.16998020942995	4.04566991067287	0.552414685609951	7.64111567947455	-0.499331948860381	-6.6330216648811	1.68986478991683	0.299826749442045	0.0997003035607646	0.757055945375163	0.160986652666219	0.856183865992362
Alistipes	3.14424133695645	3.68961961310004	2.45205301863864	-1.08902604614086	1.794328401643	-4.31108586473091	1.87365489719671	0.263939208579505	3.66960103729624	-0.633166859312305	-6.47253775667553	1.61917352731061	0.230902872928371	0.0486299889941429	0.619313624608694	0.0499146509450302	0.632407920949797
Allisonella	-3.2393914944645	-3.34920259898914	-3.16557138364574	-0.0040771372677284	2.11972289830495	-6.32144407532374	3.13634446820011	0.363301784181146	7.2371069202374	-0.000965046033516456	-6.0529031158945	3.55996808972641	0.49740034727117	0.566156191906716	0.899180681784371	0.650293156920479	0.955965691466202
Alloprevotella	-0.542713085104318	-0.640935828792804	0.898307633494426	0.097411531300069	3.30742996630235	-6.28427059533256	4.04309231315077	0.271605131835413	7.90200324728941	0.030138999693872	-5.40045379760749	5.06517619998233	0.490467939995094	0.82055466715016	0.958183518709733	0.913042404576847	0.989076598667771
Anaeroglobus	-6.91490960034874	-7.04797014996826	-6.81241421522183	0.265155218406886	3.98748761952993	-9.27921884146404	8.90908060391425	0.751094714611647	12.2182530658439	0.0561001669898736	-3.44389507795807	4.02010868427174	0.464471412750881	0.531277680636315	0.878423291440503	0.552592845428565	0.92831069683821
Anaerostipes	5.90536948764435	5.91914685460053	5.90506318568981	0.103799051509559	0.982978941262445	-1.47356295062507	1.77908492168804	0.135376380027281	2.1214964519045	0.103184360727245	-3.82287020477787	4.031838387006	0.464471412750881	0.674212482324989	0.934877124106671	0.779780494273528	0.980417276449197
Anaerotruncus	0.70676947809786	0.790236599441136	0.549784226397707	-0.0401430396060922	1.77405917369816	-3.39021373292677	2.54258625622371	0.204995545333614	3.7532140048469	-0.0167047288612491	-4.25485182597313	3.42126662257994	0.487847225276479	0.797517870990264	0.951122537297277	0.855994697059906	0.981785479550264
Anaerovorax	-0.804989123511307	-0.459725313894407	-1.80131877939854	-1.45428466286318	2.81456592416488	-9.86332665496771	3.68958689533574	0.320730309855042	10.9928998788395	-0.467274616427395	-9.34438884748388	1.86058078535953	0.259965416030063	0.126139633937786	0.749705324402454	0.0870413207148888	0.712488570815407
Atopobium	-1.75076276640245	-0.733171248698832	-2.72349840503814	-1.54265894117717	4.50366512341048	-10.4755809073927	6.26407048233416	0.497722367185973	12.6278810297567	-0.277068010137565	-6.9433240024079	3.52895563910816	0.410745257044904	0.42136799090954	0.877859246132762	0.524190689341618	0.949946312570235
Bacteroides	7.41321272876547	7.63948776469991	7.10803460489899	-0.417002262452611	1.4712484715645	-2.84908505198276	2.27091473073532	0.176426621811249	3.17249666655841	-0.297708609069775	-5.38537425615689	2.81715092849863	0.37435012022574	0.403831195089439	0.885057747604581	0.395494429138973	0.924518118373687
Barnesiella	0.800999386635376	0.712708165098265	1.04105141434394	0.0304789411193491	2.3725783342286	-4.15079892498049	4.03094159080162	0.383593623406215	5.1258750577042	0.0119275483082666	-4.01895517927844	3.55835217015036	0.494791667975003	0.884279465074403	0.967203383977059	0.880276553941415	0.984272407742838
Bifidobacterium	5.20359174839408	5.09339474974577	5.79973478851222	0.21654149571541	1.78609498729548	-2.92752681664531	2.86047140668272	0.214358103783755	4.01328049735994	0.135423008584668	-3.27761284004135	4.48665270247207	0.440972237257974	0.716484841226421	0.941524718086054	0.732280852854576	0.975413935495768
Bilophila	0.58033625380891	0.452839590592852	0.74067438162627	-0.338731475025251	2.41724526902028	-5.36937139605635	2.89204642198119	0.324265535118548	6.20956063604943	-0.12228633019167	-5.35629407864389	3.10894563186572	0.445407292859073	0.502896050973118	0.896199125266811	0.769247852573124	0.978167675141647
Blautia	8.2950238847484	8.31443950857987	8.26555745766711	-0.0577464017800935	0.656859901228207	-1.22452054623711	1.15529953709956	0.123774695978281	1.54239871746297	-0.0748145161939628	-3.65987679321762	3.95231605896666	0.460069454538307	0.785316111688422	0.947291681481351	0.813213440970794	0.975572329221294
Butyricicoccus	-2.37690796663415	-2.97429506625773	-1.6081023623281	1.57594356707504	2.45507534783351	-2.21783244467407	6.83595876041174	0.459394068610925	6.9157345029623	0.635237666821558	-1.11902024427713	7.09836232136383	0.230502694730851	0.0553842334553324	0.612580492579983	0.0755323913702397	0.653963089774071
Butyricimonas	-5.70413469010047	-6.15188765350285	-5.07275675372801	0.460911088741788	5.10282966409702	-11.1469516508442	9.60005592676631	0.763655508441148	14.0230368200669	0.0762292486617905	-4.68973061077456	4.1639859178244	0.45833334387207	0.655009285907239	0.924314454699633	0.649056390590833	0.955388666637302
Catenibacterium	0.0956699543976143	-0.169844262609375	0.36480630480469	0.426104828938747	1.85441184507972	-3.45366800603435	3.08591493161189	0.267117785234406	3.93928982383145	0.198787178167139	-4.08911023420549	4.05531416353038	0.395147341143732	0.68296361839327	0.936490451444441	0.516874113695902	0.946380907727197
Clostridium_sensu_stricto_1	3.22778321103365	3.24316011020655	3.20799703187488	-0.00548894025795654	1.80551323790131	-2.91327923440832	4.7589130797882	0.191928165858534	4.23157258382684	-0.00160331750538302	-4.98427473642372	5.24688837219898	0.498263889324959	0.917804872873955	0.975578433506882	0.886480006062049	0.984034330685331
Collinsella	-2.52522565070245	-2.74082191075779	-1.47526501612067	0.841653113120525	4.05232208047239	-6.54767852719131	7.5733376886288	0.434484877265957	9.44463535009341	0.184563770386926	-3.48009205555905	4.94787696310192	0.425347241400525	0.584745628645815	0.916331201059918	0.611180252603434	0.958725789225509
Coprobacillus	-1.66082126850637	-1.76374155064775	-1.22968579349069	0.0301131905566399	2.61986417588506	-7.08009218852579	3.9890193197028	0.386306467975645	7.80894081498515	0.00860921214839949	-6.99853903292366	3.53757419276165	0.496527778649949	0.603197497577923	0.91153625567394	0.842932029271039	0.9829271998515
Coprococcus	5.86334472039068	6.19221476478558	5.65407630405673	-0.84306776968587	1.26041816437829	-2.81328108906119	0.865538112079037	0.165602874914728	2.25889984338311	-0.681318339104977	-7.17070009706733	1.43788062340142	0.228769593597501	0.0277965541932102	0.544934953652363	0.0714251160990712	0.681131695554575
Desulfovibrio	-1.19830574493647	-1.6582970092376	-0.73963378444369	1.27019081933356	3.71604936929903	-5.55853272986318	7.50270727308895	0.5374862894259	7.89481402801155	0.345346204654696	-2.56808124097065	5.01540201742077	0.331597269932647	0.26988230292576	0.840718248447763	0.276675554515144	0.89946853894488
Dialister	5.28526136068804	5.59227416802837	5.20591431689282	-0.480446249562424	2.34234283282617	-4.75632380503983	3.64586329431882	0.189001366748696	4.66350563597267	-0.186241126525881	-5.17476607783568	3.64249531054456	0.435008682058385	0.471050218545416	0.892740262469695	0.601220156584901	0.963607629459073
Dorea	6.54453332738937	6.59656924084485	6.43454539179251	-0.562164316531031	1.073275456744	-2.44400887125315	1.45686377593601	0.146155983981572	2.51931686355876	-0.463252266636271	-6.80369955010768	2.59262590190732	0.313691561951268	0.165835308985031	0.782320317832167	0.263929351414839	0.895166899148724
Eggerthella	0.995921620665601	1.3427084564053	0.770085814064836	-0.24317297782819	1.62426801564483	-2.92681776943258	3.66515359161384	0.255320829491404	3.82705565781034	-0.151698306786309	-4.00288993651397	3.43982422586575	0.437500015947505	0.835038881418277	0.958611696418746	0.681300099861439	0.963758238493834
Enterococcus	-3.27304758371532	-3.52679889013807	-2.98076356934104	0.832161329284562	2.6242569766871	-3.33511828136542	6.65136571072352	0.456094830424443	6.63580074186874	0.297945741864301	-2.72707892659521	5.83464261527727	0.359375038355179	0.305080591994585	0.819967035536671	0.381588250178614	0.883118023364242
Enterorhabdus	-2.14387625144031	-2.67110348029672	-1.5153259468367	0.910935512778805	2.17760693550861	-2.75928609679816	5.14526688734066	0.395312186874378	5.06587273782793	0.414776748659253	-2.38454906246145	4.86919803555055	0.3125000548014	0.177184730500332	0.746564187925005	0.201379961949815	0.807387054668258
Escherichia-Shigella	1.82698858008375	1.72285318178598	1.85504817022767	0.266042061968779	2.58382348279475	-4.81074196054665	6.28503352508351	0.310145424022082	6.35453526885065	0.0998035601927985	-3.38453534078639	5.91109553393935	0.457539005506029	0.507648027304029	0.903480387784274	0.763675130983568	0.97678866375291
Eubacterium	-5.81877825691976	-6.41979090055179	-5.37910545772894	1.10400939026035	3.72376628224997	-6.56409173486126	10.4972699893587	0.698974150511134	11.8953936723649	0.258747696884267	-3.25214735093863	5.30914573194005	0.366319480606335	0.408198637385517	0.824452091904341	0.414181745112473	0.860965731819046
Faecalibacterium	7.72308191890539	7.74282173489798	7.60407695832347	-0.463748586497649	1.20196550877023	-2.46272853041308	1.27107862242561	0.137792877530293	2.67906153562069	-0.378922017929515	-6.65001882366476	2.62368514130311	0.372617018499593	0.178809573505027	0.786381165707299	0.414401460575029	0.922358407418027
Flavonifractor	-0.425178133320343	-0.523346008472861	-0.274795630814221	0.352743436187378	1.67511567352467	-2.26699402143633	3.77848801784241	0.24297177754128	4.08226563597837	0.202925927059542	-2.12102960289333	4.97435375843755	0.395147341143732	0.343205351567903	0.854327028066425	0.515526897637966	0.940118595156452
Fusobacterium	-5.67898339261476	-5.78754834824662	-5.60264266242275	0.261106119137738	4.60106621429865	-9.14533188130494	10.1861777245004	0.824494535495858	13.2328489863194	0.0526931090567278	-3.7271708648031	4.28916970088719	0.472222229220857	0.563736171748104	0.886701309315304	0.614015580008227	0.947615660167643
Gordonibacter	-0.55324820718046	-0.332632039440107	-0.900151209340381	-0.509103196278436	2.27027361048255	-4.43996745695302	4.15711908969628	0.392169929473019	5.43450203854421	-0.197151063931973	-3.73564391329651	3.37121170476981	0.407986135032666	0.58760622755245	0.909059597724325	0.476080614432008	0.939154375598914
Haemophilus	-1.30148569509103	-1.41737568947873	-0.427987216398678	0.508055021726647	2.68754991562075	-6.37180570773779	4.17406866719041	0.245708086852502	6.988793512197	0.155440330271542	-6.05631289184325	4.36225491161859	0.470486118550129	0.799313333556408	0.954685078895233	0.858285725497413	0.98432999943304
Holdemania	-1.91535853899103	-1.76157541279659	-2.11471893388477	-0.395364791136692	1.24444475722045	-3.54675100599237	2.13067327378457	0.203831658295211	3.89349546476308	-0.274367596274399	-5.10970972183156	2.34185117474604	0.355902817249495	0.351570604841687	0.832371857056482	0.383433589436879	0.879798747715168
Howardella	-3.89489109897392	-3.92996635230986	-3.87015099746243	-0.263122217763734	3.61383900941272	-6.97728505832752	5.83143227804713	0.604519238956008	8.25311750439953	-0.0668359009396156	-4.80676259884643	3.36323742468892	0.456597233206607	0.626003178227115	0.917644458677619	0.67439572327827	0.95321901746253
Incertae_Sedis	8.61377504772279	8.62984747212896	8.60268118381786	-0.0169809620519299	0.475671453819777	-1.40102053813768	0.818829891486861	0.0886561284166228	1.54802446577214	-0.0294129725278311	-4.85877385670813	3.37455274553739	0.487001736357963	0.686134946361106	0.927065193370231	0.77096785760679	0.970233643845436
Intestinimonas	2.66307591662319	2.81973895676201	2.53212309032299	-0.482456428242096	1.2970015364961	-2.94702902207959	1.8018375473075	0.162742048491327	2.98983015325155	-0.3917322796939	-5.46797327343721	2.40454451841382	0.329861159441558	0.204645401133384	0.79965553841705	0.276125673861742	0.888579244209155
Lachnospira	3.95805784092968	3.71788195143102	4.05645927950404	-0.181624126929872	1.85355304933987	-4.42810354012302	2.94367055170021	0.194090648658675	4.49489659628316	-0.0682654416466317	-4.76597427974687	3.58843391171817	0.463541675872972	0.630228416509061	0.921282193841757	0.879135183701747	0.98515550507826
Lactobacillus	1.46715631416464	1.09235950106918	1.9981406967877	1.72724313234326	2.55930328225632	-6.27486244584008	6.35062200897837	0.214119808537777	8.59195079215196	0.557392516206467	-3.65544619908398	7.86131139946058	0.233968897042013	0.172410634235432	0.79669341585956	0.0661627700859512	0.673881174010207
Lactococcus	-0.604161786862645	-0.44763985147738	-0.76280698218713	-0.261329266408972	2.53312130625596	-6.04677361666971	4.25554836318927	0.409272775960576	6.37429083696618	-0.0994775943687918	-3.90193032941554	3.24246774811281	0.447140394662983	0.633009795946358	0.920887828467864	0.747919891640867	0.97263224900439
Leuconostoc	-6.15456417477926	-6.47076068897806	-5.78349638922137	0.443502683651324	3.96285453895124	-8.94971731245888	9.31286309735621	0.798879142252197	12.0105836009688	0.0938245033427604	-3.83868006452827	4.57848209058199	0.454072801888179	0.516356305046091	0.881840868995936	0.543158442756934	0.929444400003784
Marvinbryantia	2.71441091323299	2.59035345448308	2.93043747133535	0.0769708224254755	1.33189085802809	-2.87890409824987	2.2534945155829	0.224910969943575	3.22115037603377	0.060854472496523	-3.7004587252338	3.73595113465713	0.473136921821375	0.899108866458776	0.97152179153928	0.823248805180887	0.982711396993397
Megamonas	0.550385019926075	-0.0840175275652992	0.848807739420652	0.587163224051815	3.90314134775202	-7.6755508005888	7.97863649885552	0.374942319394298	9.53291103284879	0.117218228929548	-3.87217311084683	3.8643846545243	0.444444458572938	0.798767062388813	0.951973567364713	0.794378125744225	0.97906000471278
Megasphaera	0.023275637217063	-0.0685217189094498	0.102839731921295	0.324431586165965	2.86656275797199	-5.74884892194722	4.48237949726602	0.380458754734127	6.39357316074389	0.115104978410465	-3.84725217536429	3.53725865158466	0.435008682058385	0.863857471386119	0.962838048139354	0.700477758503107	0.969381610440436
Methanobrevibacter	-1.22678145642592	-1.17966966978366	-1.26688053106213	-0.640315084646434	3.69789679145153	-8.86041866666821	5.30984538324651	0.480589129265709	9.5937339380942	-0.174045850700149	-5.49421726177999	2.72624814607504	0.407986135032666	0.401597527381066	0.876881112011048	0.580209336909221	0.959118979904265
Methanosphaera	-3.80143185228804	-4.02351183923891	-3.47826048030111	0.395492852396722	5.00401017285034	-8.03760841776312	13.6755897275339	0.795375138668588	14.2296937964165	0.0606526268573879	-3.31562145585664	5.40338442900964	0.460069454538307	0.522766642181906	0.893605074942852	0.658298478804477	0.957561583088188
Mitsuokella	-2.97622054989187	-3.05136007137345	-2.77106822445329	0.318657912324521	4.05976122527056	-9.8180690050954	6.17983632281883	0.702164465771652	12.9143153806772	0.0670577606995276	-4.86490610589102	3.27385848877458	0.468750007879944	0.669039473782519	0.925640716622183	0.7966483497153	0.976548924395382
Mogibacterium	-3.03409088297074	-3.33023635944034	-2.15569302459624	0.854529011285043	2.99556880900809	-7.1089003336861	5.80390216197844	0.433559265536399	10.0964526500845	0.238448013334119	-4.19447706289334	4.19479771118641	0.381282527157928	0.62148043030687	0.908831556521335	0.485368878412609	0.930845636481585
Odoribacter	-1.17895703299562	-0.127478075642992	-1.98191979068378	-1.63817337132453	2.91743807735934	-10.0043757108299	3.33246469972546	0.456484865986245	10.4090959842286	-0.473971607350248	-7.27803017455692	1.70700016017991	0.258232314683557	0.0870816602880453	0.692244954930652	0.0709215803546299	0.679949079204241
Olsenella	-3.63702354474073	-4.13061605391979	-3.03266050819272	1.31513631598781	2.54862885764562	-3.69885607103889	8.03895279154234	0.517563694689275	8.64299403386449	0.43902110114396	-2.55546603595058	6.10700670370271	0.279029531472539	0.199066785116061	0.733985951811516	0.185076025947737	0.759487443270788
Oribacterium	-4.02095207880193	-4.13905522217929	-3.76637656416183	-0.015067425546599	4.02754707526355	-10.4348666850316	7.41199803419745	0.696893185524141	13.1976937914809	-0.00389648842507854	-4.81818238782849	3.17301322098597	0.498263889324959	0.633179887427343	0.917460864702455	0.764418848372989	0.974328075607489
Oscillibacter	2.56673218571283	2.36337747400279	2.73757010117609	0.36343167053882	1.6466033459741	-2.68247923802435	5.1982528203016	0.215639542256125	5.25391828733029	0.16468462506558	-3.37906135318408	7.04621246559101	0.396880442902355	0.454317590683631	0.894014615073475	0.467466381335383	0.945094462557995
Oscillospira	-0.8305402338184	-0.980075300573207	-0.603359401546362	0.436254431380398	1.80330451845981	-3.21325995624084	3.4062040550992	0.325895902531342	4.43972462312957	0.233302206788884	-3.06435215775758	4.19905593809524	0.403812849957884	0.569790292758415	0.909074720919853	0.551345423152699	0.949931998265701
Parabacteroides	3.64293692910501	3.92697950068041	3.02487342214387	-0.410423877006927	2.38814284973166	-4.28166460661858	3.46984348595578	0.248798101660296	4.49057322800136	-0.192044919824596	-4.82334928353664	2.82075935852468	0.395833360684315	0.454994193916172	0.891940520381546	0.475505700762086	0.946996280291689
Paraprevotella	-0.180148187907505	-1.60604103262096	0.828852547653598	2.92405643227075	3.25374633278048	-2.17315736821633	10.5693325685131	0.388449802724699	9.1397505241088	0.939005716068622	-0.873722048750753	11.0204347896064	0.105719498398713	0.00857700755498286	0.408362223253132	0.00403522077767434	0.288929982878319
Parasutterella	1.0737446810777	0.705256737360802	2.05926082817235	0.801815916322638	2.54506836481193	-4.38918994481496	5.00390354254133	0.357906054043966	5.42570542817392	0.303776458456233	-3.36221285273398	5.23887270572954	0.342013932971938	0.321591300486089	0.864601596872551	0.293726421604711	0.908019055357545
Pediococcus	-6.07090767484036	-6.05578689721206	-6.10746350006186	-0.1508954345392	5.13954585831011	-12.4991154727608	9.92710718828718	0.77572127037728	14.8890673415568	-0.022628399614787	-4.94653732634796	3.66747022540273	0.487847225276479	0.603413347298798	0.906420151252374	0.611820285944705	0.947502078039481
Peptococcus	-2.42089927229518	-2.48230314425801	-2.37260613181793	0.159512644600183	2.75637080711194	-7.68484362236204	5.2932777318767	0.296385000982371	9.42016967408271	0.0494562312864379	-5.17915502759865	4.94496380787631	0.469670718191483	0.74589967969529	0.939398332371032	0.738251058152374	0.970812347831062
Phascolarctobacterium	2.54698626502371	1.16855547137277	4.15986165945898	1.83669902967742	2.35511395070166	-2.44647327359013	5.23797378014381	0.206583194507845	4.28112898438471	0.804137277405031	-1.91554563061771	10.1937267687825	0.217013993465869	0.0244370275913603	0.533847309952964	0.0326039817380762	0.599021142696401
Prevotella	3.9110318678126	3.8852801033469	3.95146991084636	0.569705500099325	3.02322463876813	-4.63791900514128	5.94162019866972	0.328522233187156	6.00645451064201	0.158768410782746	-3.62758409228261	5.31010593626477	0.445407292859073	0.629312580302502	0.927855009059327	0.733023047965966	0.976343566334861
Pseudobutyrivibrio	7.50721558029131	7.77893967852898	6.88913156377954	-0.745341142931131	1.27503136866932	-2.4998678475086	1.84924619117567	0.212095463017335	2.76270603701003	-0.534689816444589	-5.81258345832252	2.38186563342422	0.305026054088088	0.186668096907398	0.7874522166297	0.169070287297841	0.855197529082712
RC9_gut_group	-4.2634082080099	-4.04430319124277	-4.86674598816591	-0.168997332679607	4.04637570493399	-9.86693931856192	7.85097338982482	0.572372457195621	12.9447662436612	-0.0387952701407788	-4.80757179125693	3.63190903894243	0.48180243090411	0.673153407519417	0.928009240440684	0.768459650836779	0.974597735239127
Robinsoniella	-2.88562074333297	-3.18090356004963	-2.62762806636379	0.424633702450969	2.24760177849732	-4.22435461328146	6.18964182099236	0.403221868372761	6.8792360155105	0.185598498347361	-2.87425551181875	5.9313833128032	0.407986135032666	0.441663044082065	0.858061728804624	0.517114971908896	0.926680830775802
Roseburia	6.09079073367371	5.97067696153406	6.19466469293807	0.129045552895845	0.865984190580213	-1.41389264620594	1.69822364775869	0.165076042082352	2.0080062386973	0.136099291385596	-2.85083297142903	3.91385899329473	0.454072801888179	0.702790577966953	0.940065976128008	0.803534289820087	0.981252633968894
Ruminococcus	6.71888688841013	7.32444466600913	6.18312985305417	-1.04198238842038	1.24659254233373	-2.93561707524897	1.30383427515589	0.161802484765444	2.72340028542965	-0.790427394806817	-7.47187497938276	1.35651249048297	0.210069554156582	0.0275706370939445	0.541360279123444	0.0442025563445842	0.626183873154422
Shuttleworthia	-3.52707871787665	-4.04376535639981	-3.36351994384838	0.49977962712781	3.19061312603537	-5.23641425855883	7.58635256399912	0.483194681893562	9.44974086087617	0.140564610725344	-3.24073047430796	4.26912109345589	0.430555573341227	0.607860241205726	0.911738218252121	0.674536618567191	0.961836910813568
Slackia	-3.91406405514823	-3.83101541349731	-4.0178065913644	-0.414009750949427	4.46133502351137	-11.3964570250295	6.74060763560497	0.625131803465124	12.9695736483835	-0.0689149807083722	-6.10521431025293	3.52686160755807	0.466204514563806	0.53143361581644	0.889585870236348	0.671483943687891	0.962508321514951
Solobacterium	-3.70477814653476	-3.6719869054731	-3.76252986584195	0.128321993685505	2.75572278173594	-7.51029647334465	5.65994526484199	0.457234579492112	10.4600469469515	0.034792021287	-5.00796363448789	4.44172244452935	0.476603125453225	0.666521856070712	0.927339582982581	0.712036753880794	0.967804090584757
Sporobacter	0.448893116287275	0.706281032420883	0.177070221529682	-0.52746812509942	1.87304784804744	-4.04270964201478	3.13005209333293	0.253161253782546	4.89465115642598	-0.254907076692977	-5.91775749659267	3.59216427129868	0.362218408205066	0.510209433944724	0.899295619920279	0.357885535517115	0.912986719992519
Streptococcus	5.72655251939864	5.97340860108063	5.41977875284252	-0.358248271913804	1.30560466012029	-2.8149004163299	1.89615109049926	0.2034352816167	2.74813235806083	-0.27469629611469	-5.31841831279212	2.74091024628571	0.347222264547568	0.307880456109105	0.85900053364428	0.274616081480439	0.900717256504602
Subdoligranulum	6.44259911063491	6.48587481909141	6.36492282256628	-0.113250146304263	1.14800612827207	-2.41104660896787	1.83933786346175	0.159715494529064	2.6205693024741	-0.0910736906535323	-5.24557745651429	3.64664368710258	0.440207987453635	0.549799363077549	0.902839462437159	0.684192428121414	0.964025325947529
Succiniclasticum	-4.72447807669679	-5.19015346328341	-4.38293454521963	0.174123442676577	5.22730370176339	-12.1416234563921	9.2824865454073	0.720229578157638	15.2489792698736	0.0290531719246551	-4.75014151034203	3.75452635832916	0.483535532721773	0.698500997703082	0.9293584403534	0.726423803557124	0.969514023891966
Sutterella	0.68905878248414	0.943052787266669	0.0820616598558699	0.890008560651618	4.14616619126912	-4.43342751187945	6.80008099643555	0.406823046601231	6.21469690590559	0.234336197901173	-3.17048494304829	5.7265273391792	0.371527812327543	0.422158620174331	0.88571863720434	0.410495464288034	0.93585698925206
Thalassospira	-6.874840790256	-7.55145275370379	-6.14163346433853	1.30529343400511	5.09136894625142	-11.133150384527	10.5871364244923	0.898785100479744	15.7038385531537	0.209703044360106	-3.96891079345591	4.65097632346071	0.391681137633125	0.570930341026139	0.891100454273679	0.45618055029336	0.884446748308199
Turicibacter	0.549681012977749	1.51885866102055	0.170342562613367	-1.30458593570155	2.99355844907818	-6.39471950321166	3.81035545936023	0.389957435528542	6.84986273621585	-0.400308600626225	-4.691057826501	2.21414682998361	0.350694485617317	0.188905459276375	0.798756556934601	0.290015615189764	0.900483241513891
unclassified	8.30731080169848	8.3952420625018	8.21690529090144	-0.15158673722647	0.529383298972395	-1.07338284993857	0.884173436536602	0.0724041555895784	1.21171197438044	-0.24664825961228	-5.6382063201788	3.29861963636142	0.379549425420851	0.499986095616946	0.890453353125898	0.424163153023447	0.913280350510711
Veillonella	-0.0436282306337832	-0.169727446643472	0.157904951372965	-0.183594424417556	2.30801573228841	-4.38997456075378	4.41388819996947	0.249641009669942	5.64804890432646	-0.0764039545541906	-4.80270086889793	4.68054524102912	0.476603125453225	0.841689014610349	0.960152393204471	0.860432644947931	0.982975973607396
Victivallis	-6.73630700884339	-6.71654749321741	-6.77602459782094	-0.0933841829394213	4.51706786254096	-10.4693244339765	9.18201365303087	0.793591970390335	13.0909553891145	-0.0116205953244922	-3.77044079320303	3.11327656499878	0.493055557300151	0.55223092040626	0.886008474821364	0.60047068836736	0.930640521479892
Weissella	-4.53941971433274	-4.818304735252	-4.18877074793416	0.500198349661803	3.92808831334562	-8.96928410123443	9.78221962392671	0.527161377044909	13.2262674312625	0.119860756017772	-3.96860147808366	4.71718903597798	0.426343173091628	0.569734362120648	0.901556110032065	0.565347336487042	0.936891457002597
