rab.all	rab.win.Healthy	rab.win.NASH	diff.btw	diff.win	diff.btw.025	diff.btw.975	diff.win.025	diff.win.975	effect	effect.025	effect.975	overlap	we.ep	we.eBH	wi.ep	wi.eBH
0	6.45754212273816	6.74338233684757	5.86178198518844	-0.621209259871615	1.10266208359751	-2.48178447855291	1.64083806386573	0.118918537918313	2.49194367915682	-0.57039557816855	-7.93168265705526	1.96657277277327	0.289062552207008	0.0770963688249644	0.672579594794471	0.11729405946221	0.819867240928101
1	5.9760092118357	6.1096398069842	5.8403129433323	-0.243043853584045	0.800227979101237	-1.45469874499643	1.5661712949402	0.116743349588458	2.19545628121528	-0.281242485620008	-4.94921873381816	4.16562358251961	0.352574135711421	0.609750547225776	0.968493317111984	0.301927271644764	0.914091165675188
2	5.8440550951257	6.10147701369997	5.46710128620244	-0.632716979721236	1.28938307011031	-2.92174095033425	1.3591077463771	0.162721034585045	2.67640671817657	-0.508991780520541	-6.20891037755015	1.80037808671594	0.322932958378304	0.0851466685086836	0.689291439555156	0.167786245778216	0.860694451689402
3	4.8048875616958	5.33197955895642	4.63134991046366	-0.49944299521403	1.75683909831925	-3.26484190825862	2.90507846002599	0.234377325723554	3.50569004073162	-0.274652055125363	-6.06054458079668	3.05884994865453	0.382812525227629	0.475215452411212	0.962127147687353	0.452577825618654	0.952318729633769
5	5.14676209126159	5.37616805545942	5.03326618582787	-0.368540101287394	1.25462379816552	-2.40178325924102	2.1835804914557	0.106332331768964	2.86676688233919	-0.258988443351512	-6.83225506287133	4.04870946293136	0.354687532291287	0.380086570987531	0.953742439777739	0.35129965332655	0.928975278945339
4	5.0621152969573	5.19427714690998	4.91500371453937	-0.329504369059415	0.863886078695334	-2.387301505657	1.23792252253656	0.0999328881067008	2.35685254049466	-0.332604533398533	-6.83210739565244	2.29113057174329	0.320312541979086	0.181022539608625	0.852633061292726	0.189833905935396	0.870877012071187
6	5.09399811617663	5.22315012146801	4.96080056222171	-0.291392567073725	1.10679892520328	-2.24551056720335	1.68177536959162	0.165283815531167	2.34546534395809	-0.26288137764268	-4.58839107476589	2.49751699983723	0.36406252986395	0.386897218306427	0.952600947329609	0.346374491897422	0.929315607849342
11	4.90629794802345	4.93803851836702	4.89001330532808	0.108971982980108	1.08624395226933	-1.64343957096918	2.13399142159727	0.0983367950368302	2.06846001635386	0.0997136876926844	-2.9322217296386	4.37269402836999	0.4414976719363	0.681987784488721	0.974143488777627	0.691421557351317	0.977961680936484
7	4.23299740496003	4.8201590711329	4.08709157727632	-0.394744706897259	1.49133832464232	-2.71447090388468	2.81417643684956	0.159657471099496	3.48624926579272	-0.245523415283325	-4.83945974373835	3.33614957472014	0.401562520834689	0.560077881488006	0.966314052293058	0.503038805235013	0.958386277702173
8	4.39857832199888	4.79337954346883	3.62845711644991	-1.28773764434786	1.7519702986863	-4.32335981046536	1.55831964438303	0.170613811307827	3.7662391051106	-0.801137968099007	-9.42575798852344	1.37592154794377	0.190327714994814	0.0143043646314939	0.568700504700032	0.0174073338619585	0.59897385625309
13	4.58894895550827	4.61119094055541	4.51502886239924	-0.205263053106688	0.936592464882934	-1.67663792545364	1.74472507684358	0.136102510240998	2.5484221355675	-0.196863348988078	-3.91194333834406	3.58712865385623	0.42500001561	0.773066371265395	0.980040541269146	0.608582907997575	0.97290471325715
9	3.73377210074864	3.37721591423394	4.33961576759481	0.201958211051665	1.93529510080715	-3.22522602060282	2.96355843054146	0.164346776572757	3.67003572563511	0.119620151872043	-3.65818572697131	4.36305960831281	0.44461779608331	0.786831081593593	0.981615314749809	0.718661454161164	0.980240231057327
1143	4.10840062756462	4.45017528608041	3.75166662624936	-0.406114835843917	1.52030623110027	-2.77334492255249	2.05444109079884	0.183867118647945	2.65177191084654	-0.292777557330933	-4.79488363141374	2.29418201555245	0.342187535659353	0.291767476680313	0.92653839830773	0.263974935184784	0.906041463933445
15	3.30669393768794	3.01377845716229	4.16560377246425	1.00542865944285	1.44778821142927	-1.59510060781938	3.6466667093544	0.137625105310369	3.74657149936547	0.588189072920895	-1.72637576257921	8.96521857760473	0.293750050565677	0.0548016805651517	0.645904763055529	0.113863013921063	0.818382634051315
10	2.10058659928835	2.77608422179304	2.08633951192459	-1.34255719542971	4.13692235453033	-9.35898594382068	5.00021741556748	0.277969765756563	9.06907583230147	-0.349440177305596	-7.48420792186894	2.55857731098003	0.363494569696814	0.21872107380579	0.879495884203718	0.318440605447184	0.923510085574259
14	3.49382936297988	4.3458589187898	2.9993625884809	-1.10996514130892	1.2060572208095	-2.79772916877634	1.72789550357274	0.110585975910948	3.04664463373896	-0.793096817215426	-9.04716845618361	2.38055025543438	0.230889312408175	0.0378105943798544	0.634553650045972	0.0479717167507415	0.704462252496075
12	3.88953277813605	4.27336965999333	3.41282315041353	-0.744915408730253	1.09882982004628	-3.15220014160982	1.28572207568646	0.157577934285967	2.78732165550772	-0.622518143219851	-6.71620456386249	1.81771548321149	0.263650607750088	0.0523336185496171	0.641216679311334	0.0887687679967092	0.792387459864763
39	3.55052065576575	3.60078124338813	3.3136934096174	-0.296432029359149	1.50268647124309	-3.27712138923022	2.14719305603958	0.162143339448693	3.41014104551752	-0.171284852382161	-5.34174561690912	2.74861168189968	0.418096740938267	0.492348703558836	0.962690242024962	0.58469472912923	0.968620366564568
17	2.39099002012897	3.33884950805234	1.76891905457351	-1.51244183430394	2.60099530857555	-6.39434080681993	4.01822404405681	0.342476001006768	6.04792916506421	-0.553637911987743	-7.95929558558972	1.93025429298522	0.260530484241952	0.0727907106286555	0.664948001260719	0.0822372649602719	0.775192956787697
16	4.01246360024573	4.47624727372918	3.70343098631957	-0.65279672445278	1.32087617617389	-2.76604355174357	2.04879020179365	0.158738481560403	2.93046339294871	-0.454130638920412	-5.81255312411928	2.11702483677524	0.318750042454094	0.160766430376007	0.839771029358581	0.192167981012795	0.873481883605488
18	3.71961722292463	4.16281451278814	3.30803835602096	-0.874850823329827	1.0545265995378	-2.43780859484316	1.58719421040931	0.116624966656769	2.51823232076832	-0.714451773028647	-9.75517954142328	2.6069744877733	0.217187584606521	0.0497514073496352	0.640830382687585	0.0406623296401741	0.688719905121256
23	3.73131167054778	3.89860639939677	3.02625108315716	-0.991891802524178	1.33045056436448	-3.33248267534361	1.51981485370619	0.147227350499133	2.88513858543554	-0.725589793207702	-9.36100753178441	1.51608416966151	0.232812576086263	0.0297054011957051	0.631988241533185	0.0405890911526554	0.695539607608632
20	3.8214886827433	3.83530875299562	3.80564276354313	0.150973532440061	0.916829165534305	-1.61543633356528	1.51059929414199	0.154493092844048	2.01554920134754	0.143445091206163	-3.02705733346792	3.23231850981186	0.456250008969626	0.764018645242906	0.979008178315668	0.874670765090173	0.988331239585578
1090	3.52484400115164	3.72736720965376	3.43398063706917	-0.248615219823762	1.0369317738826	-2.01554619790252	1.54335784477997	0.145755210991143	2.15254085192926	-0.24000241042877	-4.0308297373313	2.69449121946731	0.410296430654863	0.428050962455724	0.958253698350612	0.53202788407413	0.962537164487779
22	3.43480197736162	3.73646269185675	3.26450014024385	-0.398876979847652	1.39998567303677	-2.83318844821318	2.52198244297212	0.155009239437075	3.29929452931504	-0.268170795070927	-5.21605065457216	3.07214304779059	0.396255872221582	0.490046057083574	0.962832963221301	0.428354745583364	0.945975377262814
19	3.42569052763945	3.5541643597541	2.89751880708064	-0.654993053645825	1.84892719392929	-3.77588535267984	2.5007027680705	0.176866928464296	4.1975647877329	-0.36844899416774	-6.68632451490286	2.85776133099701	0.31406254390001	0.223286828014277	0.879906244365465	0.162074827745784	0.860215551543561
21	2.3655270312601	1.82716728939308	2.38645170487358	0.604637221065288	3.33000605908961	-5.62991922160658	5.45245866138668	0.205946989107141	7.60455930235746	0.16211762740633	-6.03575789935402	5.88993203351455	0.480499223929895	0.784554634703788	0.980719874471239	0.924766144265951	0.990384246438818
33	1.73590451125918	1.47581993482619	2.06270662943524	0.0272188706321694	2.35042693312865	-5.34592455088429	3.09429265483101	0.218694735835507	6.36646282255224	0.0103188568041412	-7.40016635458465	3.8114540674094	0.494539782698815	0.44554706698498	0.960894682295477	0.941753836817208	0.992248600058883
1489	0.597730246682176	0.597730246682176	0.772494923293941	-0.0293070182627497	3.15072942587945	-6.12070987085846	6.79151209116312	0.325381142483426	7.4648326600825	-0.00907793658929357	-5.66003071162586	4.83191812202075	0.495312500953757	0.916103274416548	0.987232495190935	0.929308114486133	0.99088483557969
25	0.672637317793279	0.548216315948058	0.779684535518692	0.260413138720148	1.87507342866635	-5.25123088308102	4.24712413368794	0.172508620509961	6.28263051603078	0.110670037288692	-6.4495260211516	7.09896586354529	0.397815934264394	0.850443353472162	0.98376372125263	0.493973977841045	0.955031718756314
997	2.44530580685039	2.57501084320264	2.44530580685039	-0.128302894861489	1.54197124982459	-3.0433421885529	2.57096355573589	0.214999264272073	3.49681647751709	-0.0661840826516852	-5.10592070574824	3.31855907923009	0.468018727261793	0.723937286617843	0.976787135861591	0.891749794323324	0.989354540498544
24	2.329734696517	2.40589756142697	2.26574953521145	0.0271210816984762	1.22652401983504	-1.93348044434326	4.25488460019711	0.178262119106137	4.64630287856127	0.0155525891780119	-2.76397901349003	6.47223964223563	0.48750000254472	0.536738849509046	0.966112428511024	0.896057841152655	0.989886638019392
34	1.26954028170948	1.11438973586517	1.42717445513379	0.266195064351628	2.92024557495548	-4.61928184214658	4.16484895533163	0.256813444704561	5.22345898773645	0.0866286021680235	-5.43943788219097	5.40770441771359	0.451562509947986	0.929455024865744	0.988746497397024	0.769993599666587	0.982334383534887
30	2.76135379632072	2.22643116694729	3.3509842360748	0.583808865626133	1.54304138992892	-2.38051315982552	2.72274671488018	0.18072699639749	2.92469469296126	0.434593611097018	-2.45449213088038	6.79456210205886	0.344773825791928	0.231353103263119	0.885774750396436	0.27142310330923	0.908083941821091
31	2.78697715148473	3.23560995025116	2.56891008190496	-0.672807638228712	0.767706995138625	-2.10230186544806	0.598925605732312	0.109509606887315	1.57326644315684	-0.862154925219004	-8.43952472652473	1.24565108147072	0.173437615863042	0.00824890475266343	0.494879371806867	0.0128246004189309	0.544040652634246
37	2.81980507711414	3.16779749491706	2.57190423377894	-0.336909427227406	1.23399758556266	-2.16119527253583	1.99410884089576	0.186454684039028	2.60884132296944	-0.29170543517379	-4.12403312000449	2.98184721129998	0.369734817735309	0.438847237076104	0.957634281737576	0.306010444180433	0.91591506047752
1356	2.69885778231211	2.77633570586455	2.61508465448982	-0.303627751283667	0.885178569702978	-2.04507181525119	1.2400930566165	0.139540054309072	2.04890213817541	-0.316709314526012	-5.5669874688232	2.06116278745028	0.38065525187642	0.294897032314538	0.919754485230727	0.38612895183377	0.938681718876249
32	1.10040737280508	1.02487513938353	1.10040737280508	-0.0347103237276336	1.92360213540468	-3.52406740501967	6.08706540671476	0.253300016885396	6.44818666262962	-0.0131535875095763	-4.14567455287035	5.09866012554371	0.495312500953757	0.749732017602013	0.978655788669205	0.891257929377124	0.989076691865467
26	-0.714392489641836	-1.02921563628078	-0.333059528372604	-0.0287232929083387	3.56954988974651	-7.21639429727996	7.42840030368746	0.52419727164105	8.80501923257217	-0.00515839916845779	-3.554632705314	4.4326638602139	0.496099844784822	0.909398813368465	0.987112918685232	0.895665685417524	0.988624845414467
350	1.10349126000208	0.792433084075832	1.7190486987137	0.81889919900784	3.30225919336335	-5.48293857624042	6.14339299762665	0.277393778627037	7.00641807737722	0.266593358395169	-3.31771151781628	5.45693026524982	0.363494569696814	0.450595405846867	0.961594064058457	0.364318259623504	0.935199193097456
1444	2.67229338314101	2.76450243534824	2.48431894452137	-0.0412008015002883	1.42946910480596	-2.71480805685669	2.73952820829908	0.176414360121606	4.02356571248553	-0.0253774208773526	-4.50759645916428	3.82930105864359	0.485179410184784	0.901921295658942	0.98659032168304	0.918059663826885	0.990355907954863
28	2.11451243925486	2.67313941221096	1.53488155231092	-0.923785200196759	1.78663471330107	-3.85875193458852	2.21641458912888	0.302802427084616	3.70041967238558	-0.492516420529883	-5.00696968777114	1.93785846021113	0.300000048440534	0.128647976585598	0.809670647937675	0.139394069069475	0.847519019576496
27	1.13311478731537	1.0372289914026	1.63040319100374	0.648330258855282	2.09173309003902	-4.35472670027852	3.82626784286722	0.253697580750326	5.25038316482705	0.245411172479706	-3.46155366299758	4.72385911098955	0.405616244498843	0.670540239068889	0.973948803552942	0.572200124759142	0.969137584129838
62	-2.980744987769	-3.35666144026073	-1.06075960619916	0.423953905080334	5.75258205344306	-11.978530822339	8.53356411243297	0.877727010443193	13.1718235149019	0.0698337589456533	-4.33765120282436	3.63787225777446	0.455538230618297	0.819790682901763	0.982187379006214	0.722579205817403	0.976916393515379
54	2.02322558762169	2.45245965601094	1.55350566834144	-0.932842652902919	1.14049599532617	-2.63643802286508	1.78367688444654	0.192742586763575	2.85596434451542	-0.719783514619212	-6.48152992329528	2.07273619801001	0.234375075290381	0.0590477616288702	0.647695526259637	0.0599042622431748	0.730437072608192
1031	2.06095054131068	1.96739359517831	2.48995447034905	0.556904721592148	1.4235999800801	-1.42550790837063	3.06098729322326	0.143863622727286	2.97625461917119	0.434099869926656	-1.93205509902766	8.50921816774109	0.318252772582358	0.0936834289632597	0.722683260551435	0.179424568755548	0.866936439110692
46	2.44511757629944	2.44901666286802	2.4425725966009	-0.0299299681100922	0.874913245253374	-1.58403048584261	1.58455728175643	0.127662430771873	1.95451462399786	-0.0356155736992787	-3.56225201062663	3.79030547884872	0.478939161845372	0.84855054755589	0.982586646705255	0.853479048041742	0.987776392303575
1354	1.30341285222553	1.18280120506402	1.93058116340397	0.735536353176209	2.36277895184388	-5.53903902624013	3.76252012056071	0.232124701235001	6.96245426255717	0.20872568930222	-5.70297656182933	5.81590295230018	0.436817485721281	0.954006098287695	0.99020612539651	0.658479629890234	0.974983917332203
29	2.02950831121519	2.16058257521758	1.87848404766177	-0.147986320033396	1.63543393981918	-3.07050969908502	3.10651823768574	0.210671751766032	3.65368442744174	-0.0930857176544469	-4.05014300336876	2.92657999543518	0.464898603098226	0.833332461652423	0.982455471243668	0.868605163702397	0.988113559709946
40	2.26147095946188	2.65726165199714	2.09112435299578	-0.586931185014041	1.34824459463318	-2.781417579486	1.60219169813477	0.211544543578939	2.66684505686936	-0.445784221311093	-4.84565540836888	1.96637164051254	0.325000040574129	0.157564554347355	0.830015715916119	0.213759803470523	0.883380739148884
49	2.38255772540515	2.38255772540515	2.32212706388583	0.397233119071381	1.82613659692834	-2.46331924800732	3.25392875240374	0.223765226475734	3.33966905254126	0.237743702164912	-2.25063755044551	5.45969975346425	0.404056182449325	0.533179615274178	0.965977109023618	0.520691310431055	0.964252086943252
1504	1.4639330388961	1.25886598723798	1.62331042093696	0.282108990002116	1.56461709722211	-3.31466151899022	3.19412172488107	0.23536194342658	3.99857164253507	0.161055789517643	-4.12791482103383	4.18776306763625	0.435257423651159	0.708600019199859	0.97619263442284	0.707226439872048	0.978514407990884
52	-1.48904109226012	-1.35993122799889	-1.91537945482783	-0.15341033332534	3.18659012148015	-5.84580396964567	8.22580246978874	0.455555881393704	9.49079581120677	-0.0444135882268647	-3.72438831534515	5.58714554807828	0.477379099761099	0.830161368128021	0.982580729305299	0.856631432132109	0.986349935036518
50	2.05602175306231	2.35738073725941	1.64598440055995	-0.626737798711785	1.39245612288492	-2.53577017180434	2.01642669784362	0.192033263317152	3.41337299029532	-0.42250095622659	-6.28328760429199	3.05070876301139	0.335413453973971	0.314532610426619	0.929384828259641	0.247229115698543	0.901359451226217
43	1.82521202839011	1.7877760823913	2.06520939643929	0.230098332831771	1.29888504761655	-1.86977841212343	2.37664012257338	0.170673189198901	2.50965073615542	0.181383736782915	-2.71967119442272	5.63288200294459	0.430577237445748	0.548106740239181	0.964945452585577	0.617121196334625	0.969568280945716
36	0.783806598420408	-0.655912973496845	2.21379925050055	2.4022156516394	2.39985771849893	-2.76667549174212	5.39299156215677	0.199722624399018	4.53759860444721	1.01887825768179	-1.40970070651704	12.6483220622675	0.132812662155721	0.00471978032520826	0.478425563592621	0.00429772916711771	0.461353651028113
41	1.32513050765597	1.95801357587541	0.996436674179157	-0.785168030544242	1.76668749586312	-3.50893467446232	2.61441806175665	0.221473080004349	3.92340008226376	-0.47843930071173	-5.83833727558055	2.75958536914673	0.294851844101203	0.18044087495621	0.849754677609577	0.144843993564485	0.847366919948103
42	1.21814831912408	1.70551034635245	0.714920110178622	-0.837738411795985	2.33060902792014	-4.74261454391038	4.84140566247386	0.277682269769333	5.8423229388943	-0.296260038849391	-4.59166709436347	4.96140354735005	0.384375024852996	0.474742802578892	0.962331670399789	0.379708405951634	0.937562189291713
48	1.6738797902706	2.06742364915843	1.46880727235041	-0.333740097336588	1.53017874574792	-2.67073128999562	2.63528850410909	0.209681977050095	3.12592668081523	-0.197010796837411	-3.77133921121152	2.91859768251346	0.408736368601637	0.561307180283754	0.965555034707926	0.574802797338111	0.965916929839765
35	0.845814250708693	0.607631100320786	1.11616262763431	0.304415503500747	2.85487150951059	-4.14617796334278	6.03329122904816	0.326955172256613	6.43204103034037	0.111055723258871	-3.02278632165337	5.49578986173336	0.429687514593698	0.482246704013815	0.963623984954983	0.691859043143389	0.977057830059583
38	-2.20256116753302	-2.18012277496195	-2.21926242658345	-0.594578171676971	3.59966372142431	-8.71385857778808	5.30714278201919	0.361615954380025	9.11637056877797	-0.169132551254579	-6.57327386269326	3.3250895280742	0.429687514593698	0.414166956837102	0.945344189506646	0.582139923737254	0.962180048051835
148	1.25026357825327	1.24054131286882	1.34679319316573	0.303743225344052	1.66921654266906	-2.76427566645099	3.42118941580039	0.242805428265811	4.03314679011921	0.166878289140973	-2.93353696749211	4.2885412008157	0.415625017669282	0.661556585155191	0.973347545293477	0.580622804536795	0.96936634870233
85	1.1734232161079	1.21235246438184	1.14207675696603	-0.0656083442724285	2.00449097518822	-3.59719074332973	2.88572789097264	0.14887326874074	3.98942445247613	-0.0330021292933745	-5.94309396461561	4.69580068077491	0.48281250350094	0.660598263168093	0.972858433073833	0.863908428549005	0.988347318491577
81	1.77302472946028	2.08249884943254	1.64334847406144	-0.29304282268574	1.41905707408551	-2.27982666729258	2.13648015820415	0.167593948843719	2.7867107732993	-0.19342965656685	-4.15312645542591	2.81115474358532	0.425897051248237	0.616436549247901	0.969957242126239	0.563776091845461	0.964515497846826
47	-0.129718561485221	-0.537535065485828	0.4934913187807	0.249527188384406	3.30161634229921	-5.97777552464529	6.55138426321933	0.294262003283494	7.63133399132025	0.0865086041187197	-4.60613944132734	4.68945881645054	0.471138851426896	0.900010702032632	0.987753450058251	0.873935251087921	0.987018284970812
509	1.36947016817866	1.74052200091173	1.20595583303377	-0.446439769907428	1.62610579937962	-3.37122711262858	2.09274291151732	0.157575715911481	3.63443477985657	-0.26441913071084	-8.33863377634961	3.42282186555368	0.32343754103916	0.354421786216805	0.944428041322627	0.198336759022711	0.869406142335078
51	1.28850778679342	1.20067569934046	1.28921044098492	-0.190355163163305	1.56903744503269	-3.1401846476097	2.115325435331	0.214308397284682	3.81563545751909	-0.100478768393884	-5.66965011905313	3.41749051087432	0.466458665179807	0.590765501635917	0.968127780958514	0.790061198959709	0.984112859440033
672	1.72941180745791	1.71341888397626	1.73684157328322	0.143163182968814	1.33167016283474	-2.06934538710705	3.62275083633843	0.17730509064256	3.59146026682688	0.106672503093075	-2.876688500474	4.80394854973766	0.455538230618297	0.553807083456625	0.967690574996572	0.793354985765009	0.982083479138949
785	-1.57224840640292	-1.34505162626039	-2.12493800092726	-0.99120565239044	3.52111737416052	-10.3924146857476	4.42848968662061	0.407852498665905	9.55699860756258	-0.20319087890826	-6.74171333163093	2.79094835318135	0.415625017669282	0.24971242539041	0.893970653011039	0.546568091834636	0.964057205872782
44	-1.59537186310279	-1.87264048799395	-1.26305651581534	-0.233805959998865	3.09154262152172	-7.54286819269192	4.51942317422514	0.377752083532362	8.47117786118842	-0.0739360276913322	-7.11298242960364	4.03395695489884	0.474258975593382	0.516098790705553	0.962077498687025	0.869974537362792	0.988334710371771
59	1.47703517950665	1.98336427373753	1.25945131333907	-0.523916729316962	1.30105697441269	-2.41822749954626	3.56262352777832	0.143352345391054	4.41817671662575	-0.309583474024912	-4.91009271915593	4.12166199930588	0.362500030263061	0.606265680164613	0.968347306429265	0.32605952242417	0.923475131789178
60	1.28170702783127	1.55859000974087	0.941385378411887	-0.667605057916401	1.91265786106227	-4.84928500017522	2.52242644899574	0.233832074614791	4.7487622221958	-0.33858547074957	-6.24171209961301	1.92797386158444	0.355694259696036	0.162526006616078	0.841457238535392	0.260983574281755	0.901631290318125
84	-0.414477894707083	-1.63457670140851	0.0765448772896704	1.86085628857054	2.21602341333846	-1.55797094287953	7.29904634937724	0.365302623426477	5.57750435530575	0.77996089205774	-1.08642695104121	9.09079282130261	0.160686555024226	0.0111532920975479	0.522871745128083	0.010212625029769	0.523689264847291
56	1.37358590001845	1.40049800317994	1.37358590001845	-0.190744367999411	2.34129035179651	-3.37722987972396	5.15665490958411	0.240785086266517	5.59322606114499	-0.0808087188373957	-4.4094637972669	4.54205655294579	0.446875010931708	0.931965588357137	0.987948614785955	0.693914625912014	0.976868066940002
72	1.7193095381182	1.54749930900172	2.49497520026331	1.03500806761067	2.39448261820709	-3.15352145041532	5.20973167511201	0.286492368751148	5.40331716737102	0.356675293328767	-2.538657934608	7.74366985894274	0.371294879749891	0.233836219525206	0.887300056435584	0.381699714758925	0.93858173122409
70	-0.891826652717701	-0.796618450744409	-1.06665577877928	-1.09537180086426	3.46899329970907	-10.1186929335739	1.732049965953	0.285679289945883	7.94444595349854	-0.390239652767967	-10.5234227946319	1.55685444819043	0.299532029725003	0.0510130760202407	0.640946819521933	0.170622418893027	0.858262559574396
61	0.00588706876060563	-0.331046808423567	1.02173950869398	0.840939045643251	2.62591574130915	-4.15870772720668	5.30512743103219	0.348430784417606	5.62344346944506	0.366661593107188	-2.69846017181129	6.00128225153481	0.344773825791928	0.209129538968699	0.871438192115985	0.265173729134642	0.900302255790697
53	1.47710772173182	2.48300066499757	0.307454727958484	-0.574431708240258	3.30161289185756	-5.38405286818283	5.37847353636579	0.250214989894466	6.37048764641074	-0.195666094539516	-5.38087220444829	4.53419713585347	0.439937609863873	0.55121770847094	0.966150030772857	0.660384676275737	0.977190189347727
66	0.578998926143518	0.010837382160453	1.05337727820875	0.908124844993744	3.24343653970249	-5.25108112335737	5.6388207649523	0.386939059112043	6.43030048550706	0.252715098271667	-3.43159634027069	5.41766743424996	0.357812531473309	0.465449586566228	0.962077680592613	0.32392892517699	0.92412101897846
55	0.95253904589895	1.11739969569885	0.874865229750663	-0.0665969001094826	2.3174603449313	-3.55561229982879	4.56056600070692	0.361786993127311	4.94031647002333	-0.0237141359339334	-3.94476680019323	3.52971338294331	0.485179410184784	0.899856475456917	0.986447900448219	0.909331429019897	0.989998635080905
58	0.464073578556474	0.412482587804795	0.546466250793174	0.225263444659692	2.32402330676313	-6.13034042007756	3.74255940799092	0.221045499259636	7.37423925171163	0.0603860507676211	-7.4834358633668	4.22368166406514	0.466458665179807	0.716152514891292	0.976048114508337	0.755844955644201	0.981286791384975
301	0.705093106542317	0.52696948813233	0.885099612660539	0.191841421614709	1.64118785649806	-3.3934925594397	2.60793160868164	0.285970191673506	4.30238624663288	0.117437283261134	-3.55948064515817	3.78059327901899	0.459375008320096	0.924454216965364	0.988150578455682	0.739176011198554	0.981118938386472
1445	1.4280831609092	1.80560309450895	0.925372908192222	-0.914640429154851	1.34809901704027	-3.07080656696485	1.64452552555873	0.202613696524143	3.18152668393746	-0.682557862102597	-7.41177209141117	2.04234429791119	0.230889312408175	0.0465301291180523	0.639730968185267	0.0447530289949988	0.695300623647935
65	0.100766803470406	-0.34810402355315	1.06468855707329	1.55159950820868	2.14715920682736	-3.13705932286595	5.22478675523682	0.319625787612777	6.44207716388322	0.65750425069102	-2.07136364733419	7.906528916159	0.251170113881945	0.0636159651060724	0.658804793477374	0.0535302304120029	0.712572062237058
1074	1.35183507094054	1.25281532396707	1.3678449848165	0.0526114410579774	1.16433922723605	-2.13792558678821	1.75811224496852	0.174030104096429	2.43328116605952	0.0408340298861383	-3.69533231218835	3.2367090031104	0.489062502226303	0.879836223060535	0.984902299779169	0.876806182884453	0.988041013352165
64	-0.695563039584032	-1.10224838608737	0.0772707725996602	1.17459240056028	2.60974845302605	-4.6400276095079	5.74998092474964	0.251462443021968	6.90962974314968	0.434073846492625	-4.35052283788736	9.06481041142113	0.240249682139071	0.210593777780162	0.871531584872643	0.0633423271774665	0.736950811941228
97	-1.02220550676495	-0.902489480510622	-1.14966712684588	-0.581805975693198	2.31398322667776	-5.9982776976764	2.05510773058255	0.218002182558717	5.66962732887112	-0.262562506503993	-8.91397231920579	2.8511458456135	0.351562533118549	0.12979969868931	0.785216042822981	0.327256624953993	0.897658597586166
237	0.18509661601733	0.286048464382966	0.113506423502762	-0.262198678864137	2.19669206151333	-4.29659008132441	3.04505916136387	0.233006257406565	4.3361813591256	-0.122048703855035	-5.27370596478174	3.80924563959081	0.428125014931539	0.589833280129634	0.967959847828405	0.609897056793825	0.966890003740213
57	0.407782965190694	0.766650798030907	-0.24984870274162	-1.03690250889439	2.55026187441099	-6.69889103045658	3.60917164473152	0.300327503949216	6.33212639824216	-0.37114214418312	-8.22731175337692	2.18012734366555	0.332293330056948	0.183753749837785	0.855787146248784	0.168129773187339	0.862045425609866
383	0.896485279793334	1.91168045409533	0.492898408870921	-1.44488635285852	2.06338230622245	-5.03594064786091	2.39381966463102	0.210173765890584	5.27596692474762	-0.554165160946781	-7.55235772123629	1.81894634444976	0.287051534818547	0.0647362008936982	0.656210114767339	0.0940018524432224	0.789206579525903
69	-1.35950334198551	-1.4940435935515	-0.946275512048811	0.0879265789435504	2.98689159139698	-4.72698053052765	5.56287954753988	0.356344132424455	6.63112992651683	0.0305298835543233	-3.56188519848233	4.12553203155877	0.489859596441259	0.842100694326139	0.98296375716948	0.86466821442876	0.986813623294338
76	-0.971944704084545	-1.07005539723986	-0.847064482404162	0.110845024011319	3.17741312270606	-6.45817346849039	5.82935664869498	0.405224924619099	7.35441859874432	0.0323787484125243	-4.17878953856806	4.47933522351006	0.476562504778868	0.763099742436391	0.977931225856721	0.788992475210548	0.981406436268136
1185	0.470804188128693	0.155113849610575	0.658385615740491	0.497123624601802	2.02542566995449	-3.239602865532	6.68126929880461	0.19351816523479	6.39169758582197	0.2211600593692	-2.75868853067026	9.96527471852471	0.343750035229488	0.23355338653197	0.889151707559013	0.263866007734526	0.902113948095965
89	-1.31959754927674	-1.26253047698539	-1.33798954963576	-0.0953553288218787	4.56206644311519	-8.52741802277269	9.95339730586686	0.420765225234708	14.1459929878119	-0.0184819986954338	-5.4403424324077	5.00145999277831	0.48281250350094	0.807294243245447	0.981231986883022	0.802049815026305	0.982978263247993
629	-1.33569110216864	-1.82038088743181	-0.775555410728338	0.537804574040299	4.65896962425255	-8.55484963965733	9.4634464215258	0.640857254477023	11.59980926854	0.123799032316379	-3.52789164179763	3.49458611828345	0.45000001027527	0.724733875084567	0.976909075868664	0.761781247970296	0.98276851274454
67	-1.15100977138018	-1.42059423273144	-0.302000449534222	0.782305398985876	2.43727945301074	-5.52827425057681	4.53116818450352	0.295523871479468	6.5894118193069	0.271378366380731	-4.97847756893237	5.76787956496098	0.378125026361767	0.599166995699778	0.968812065089324	0.393447388041525	0.935679171079565
68	-6.13285139504656	-5.98559986480754	-6.22271299948956	-0.0468956723115195	5.53664849741441	-10.3002427058727	14.011468359709	0.98760190916639	16.9835507151013	-0.00491781081608878	-4.33593806117979	4.71851268114641	0.493750001271763	0.653514516594931	0.965301432448003	0.734416439790859	0.976144713121774
71	-0.505378096395174	0.068371071103841	-0.665810055889717	-0.25012564962636	2.46697853215297	-3.70496841364256	4.38584001122743	0.287081224554549	6.04749912655091	-0.0947771554587242	-4.78709266004903	4.47954326131538	0.471875005740203	0.906115076007785	0.986916516374982	0.858986396246942	0.98664996604229
82	-0.19374596345267	-0.227129162326693	-0.0791580075356881	0.0388114230115075	1.56216475608024	-2.83661693152362	2.9253201848559	0.246277738438842	3.49640232241379	0.0263142365783993	-3.63760677267981	3.75400453121693	0.48750000254472	0.880464783082531	0.985311235659804	0.864235210899781	0.987466743079574
79	-0.173929495992637	1.68972434447226	-0.404012498731154	-1.12376993862263	2.88592941364238	-4.99674006908436	4.07324917016299	0.330252527473331	5.98560296163796	-0.393609498231963	-6.64543312752283	3.1839396455221	0.374415003784766	0.233350388539677	0.887271401803942	0.335923292071705	0.924906084080645
77	-1.06498313353599	-1.25121324402658	-0.849920321792459	0.185109897306424	2.8422154975177	-5.25785198145188	5.19869700799349	0.39218021363636	6.6544456187971	0.0505641495281157	-3.71161718276919	4.7576457321512	0.4703125060613	0.853575403791324	0.983973886225426	0.869317420679166	0.987658511528772
1004	-1.45926263875827	-1.49404990964379	-1.43332672637729	-0.214195420928175	2.43771936653806	-4.36545377309161	4.90844670403164	0.345072449917832	5.91197146760867	-0.0923161747552294	-3.67102380018305	3.47159981611836	0.472698913509976	0.811812182191101	0.982226830365924	0.839484069529542	0.987587928388517
318	0.169166607034665	-0.152093174981511	0.645578854696583	1.00446134049717	1.63940246879361	-1.20825738847383	5.40688714732116	0.229476177485377	5.03804616839412	0.573999947536254	-1.23461442407638	8.57259979840386	0.193447837530273	0.0346155684302347	0.632835748702858	0.0284968756089112	0.620499039153752
86	0.0507561117461215	0.455657725182149	-0.244847106313337	-0.147195056719866	1.77272649240727	-3.29897029773605	3.0722429241401	0.253069043005147	4.01717002415323	-0.0864496062419063	-4.20130565738936	3.46027037461317	0.463338541017067	0.81112425411263	0.98096676453723	0.807082043343653	0.984255830470618
95	-4.76716955584953	-5.53182669439419	-3.59090019184673	0.544507040782162	5.86399085735948	-9.63310236569144	10.268201615948	0.776927497447269	13.8126291465297	0.0916249769166218	-3.94798791471922	4.85937394581907	0.442187511921351	0.669151152948585	0.971906265895267	0.633906003052675	0.966569026923066
96	-0.510202273579677	-1.14406290203542	-0.271582340901033	0.838238497040674	2.59073548120872	-3.41599417830459	5.22605153239368	0.375774380317216	5.52723337322377	0.303594101170154	-3.20478792806123	5.54177346088104	0.414062518016231	0.398490077304921	0.950451394992032	0.55812260494923	0.96786880558704
91	-5.43286638903391	-3.39775468445461	-6.96836900069781	-2.51071222422908	5.18830517144657	-11.5419223664455	8.77587696050028	0.641737381211062	15.3960372910333	-0.42991359879945	-6.50676525589053	3.74302675853031	0.307332339181718	0.277079900153029	0.834902555384166	0.182182851977744	0.84306175425051
124	-0.82810002203157	-0.532284708632049	-1.31106703063786	-0.421042670117089	2.69158326084045	-5.32375727683333	4.13477018843853	0.457522078821808	5.78149397021143	-0.156603092758083	-4.001652938622	2.57271746549419	0.432137299513371	0.575927687113872	0.966283781907366	0.653034525942324	0.972545123019979
447	-4.82676565986323	-4.36103616705675	-5.61085612813681	-1.09257741808284	6.86900123153427	-15.5879373953467	9.54588342736378	0.674678491816414	17.0425909725879	-0.14767871276563	-5.64929900663626	2.84203167228509	0.409375019063967	0.447496857007366	0.942697846769308	0.504111757534262	0.950839604284774
1007	-0.25708199066375	0.360664230444211	-0.498149140023747	-0.670990633762495	1.7480442321939	-3.50678534304789	3.58921039522602	0.252968207189579	4.2400725916196	-0.319665815684176	-4.80039897154809	4.09869008489418	0.359375031067703	0.433176037877467	0.953543899664246	0.320336687306502	0.914894463836193
80	-2.12660435829943	-2.51728875672248	-1.72025992055524	0.954762584101278	2.61660223733342	-3.66166835783284	7.54540011929178	0.425305210278976	8.53414134658457	0.335389117214579	-2.34733052029395	5.43851359102183	0.368750028679017	0.260184771626154	0.892553984903303	0.341709301727684	0.918034642914184
87	-0.848660506707525	-0.964324561481515	-0.658719137057942	0.136845495730989	1.72810385151397	-3.66121338105251	2.67117943291236	0.253517109284137	4.03397730004252	0.0797081705363328	-4.3805249267836	4.02855111572889	0.465625007026818	0.838060474772943	0.983573737583425	0.742321037611769	0.979054056283852
266	-0.430387540794087	-0.372460180646906	-0.504732428066974	0.052788340825666	1.16356996830262	-1.6540389665141	3.97255251251474	0.134410335195478	4.26065939917955	0.0346737957264406	-3.21118261732906	8.53160212633813	0.478125004459011	0.355976456309249	0.934064772677176	0.801149641283639	0.981278059010312
1122	-2.13260282061121	-2.33249246359726	-1.86472818784511	0.912527931153022	3.43563461367794	-4.40665960490763	8.31392333568633	0.53245525638993	8.18517188882682	0.24576737633245	-2.49721627739627	4.62824257340735	0.373437527511932	0.293189149269253	0.905672394173062	0.464421909843253	0.945106839025367
117	0.218238295203996	0.191337816474206	0.242842077028311	-0.0385159210813786	2.05742818360428	-4.70580682857465	3.61087494721776	0.26213065230364	5.31629232168356	-0.0259329030782667	-4.32664491340228	3.76549632488596	0.488299534355622	0.851542744185131	0.983323459140054	0.902292330830934	0.990100016839
1164	-0.520292560133442	-0.784465524255133	-0.333494179172995	0.345879501971729	2.0919003047204	-4.89014869491977	3.41069814375532	0.290084762281502	6.05779796988546	0.157287304708918	-3.37787786099675	4.03540877603015	0.429017175379004	0.873722265500463	0.985517180522044	0.659774411927082	0.974745985910205
104	-1.46552365380627	-1.31984775917493	-1.61611989526865	-0.499499395707672	2.18473175801582	-4.71165067415013	2.55834535901726	0.25062368925149	4.88027385690743	-0.239059211796036	-8.25209006754229	3.00899436239323	0.371294879749891	0.20019633472177	0.860244223896472	0.38502073342679	0.922093496742991
100	-1.53681156684248	-2.09262900512784	-1.18564708077717	0.901826043245829	2.2654084360314	-5.16639920185624	4.87253470953388	0.316249335216524	6.32758704730019	0.331787936629123	-3.72333907998506	5.11868279941608	0.326562540112311	0.314893604913213	0.9252563698852	0.187663222033385	0.855550597384912
98	-1.15353900035818	-1.14397088947262	-1.19798623146501	-0.646110663032251	2.41402903961613	-4.54673573782055	4.02558078856231	0.298416123802915	5.49054386662611	-0.249507696833119	-5.32777799051554	3.77276214421177	0.412500018364311	0.523733117430706	0.964269868957294	0.500916242232999	0.958293560780599
109	-1.38773240558079	-1.57334907346697	-1.29026144941711	0.195953288106008	1.82087071041823	-4.37750963414612	2.73925712318517	0.278722690792987	5.42162760967966	0.0939448620979746	-5.54309567554477	3.80152117780519	0.454687509295184	0.792941045987619	0.980251808401934	0.776009388734331	0.981602473929559
112	-2.41867243676629	-2.86081634209961	-2.04260634672432	0.929860477878169	3.89777772608968	-5.73391902437973	7.38175400872158	0.560662411896947	8.06870666211558	0.228924613480496	-2.78121033889303	4.84648015712361	0.382812525227629	0.40731058484515	0.951315365972113	0.42398098708567	0.943713538403101
670	-1.16407313345934	-1.31990577335745	-0.997592975026174	0.511163229988578	2.91957014251217	-6.20154971253075	5.64262299088749	0.258096800224989	8.36056510134941	0.195179960349823	-3.65460012709043	7.18370234224379	0.376562526743331	0.584165785843188	0.968600833938796	0.379047821856936	0.928013753427561
1092	-2.52324249182272	-2.99667789089826	-2.07566309017413	1.05108979204865	2.97007043517223	-8.37878098637603	7.02233781878411	0.455030494632038	12.1512316862008	0.297008484483811	-4.50190751528049	4.5081021638269	0.343750035229488	0.520521394135368	0.946141978916199	0.282749021006084	0.898587561642107
951	-2.15326435611926	-2.6939865527686	-1.91011319600046	0.741803766961405	3.66013654175006	-6.05947215949029	8.91585075829272	0.432877453017481	10.2562593418883	0.173501260922399	-3.37631584999173	7.16933022476724	0.410296430654863	0.445246001243114	0.955051941389306	0.534067144639416	0.961692952711584
102	-3.85293895571471	-4.71875055399987	-2.72571465957477	1.11893831135538	5.19417555645309	-9.77716084820884	11.506934182791	0.4936777430986	14.9914129394139	0.201962153804229	-4.20150215733959	6.28060343406882	0.375000027126709	0.527770032877169	0.947003159176324	0.465658084175886	0.944480086512144
178	-2.84122766641623	-3.36661273745878	-2.0124919647656	1.38576390938785	2.88729444333143	-3.8429881891524	8.66548089955058	0.339757637192613	9.62035249907524	0.439304928626741	-2.68425500541356	6.0609076335098	0.285491472976306	0.13713748848212	0.789025832846002	0.13503663277512	0.815225183303433
346	-1.44770891785979	-1.20109740971433	-1.78203623422775	0.0118354180356226	2.68589247553061	-4.36079008305546	4.33337388098423	0.396342323304833	5.43735159027673	0.00343215811048956	-3.229618952645	3.77971671736143	0.497659906870875	0.84897009628127	0.983328003191094	0.862675890769447	0.986763289755653
975	-1.33191112735159	-1.47109675474464	-1.24693116514799	0.0485703105276469	2.00436881023452	-5.08807351577889	3.20006481928742	0.266645154431725	5.3475689514914	0.0216004703624095	-5.05730127203915	3.60908257234843	0.489859596441259	0.708324358823151	0.97276130611974	0.818177674202732	0.985705790867197
130	-3.19982204157004	-3.2128684100773	-3.18791284640711	0.110902864161469	3.24484197751254	-7.84327172676792	7.9916811682185	0.406609059667435	10.9874212371792	0.0277066571028752	-5.39014675274015	6.48647869765704	0.480499223929895	0.793622421973246	0.980653691244453	0.775008490928576	0.979387728140056
78	-1.22763408631696	-1.23007176759464	-1.21411020306402	0.297852692983056	4.49465666053221	-11.9146948268741	9.60014862370524	0.364984508177384	14.622527290031	0.0600277532574729	-7.38919557036488	7.02085871409195	0.442187511921351	0.802480674795438	0.981185859486194	0.709609819843469	0.975844733807266
106	-0.592967818685087	-0.682639992984418	-0.501254281813853	0.165256359009393	1.5172553479132	-2.69366211531974	2.73827446751133	0.276479450623882	3.56392225727354	0.0972383040940548	-4.06286328358517	3.57793976888883	0.464898603098226	0.816812795790992	0.981530534233987	0.814339081004135	0.984074600410755
1370	-3.4483750826884	-2.14676607515527	-3.81903734406981	-0.816320095778084	3.53516054998365	-9.61659196147273	6.76057564664503	0.55560572751748	13.1386600833527	-0.177117195079545	-5.3097645135292	3.63630042355839	0.409375019063967	0.476342322111289	0.944605375085944	0.584037866158609	0.962312076160071
819	-2.35052197116001	-2.97275716844709	-1.98644082325344	0.363029711419641	3.06949873528041	-6.67319010134869	5.15516640266989	0.428688976716033	9.13889092163912	0.0982459394311857	-4.03145115342926	5.01245822768507	0.44843751060317	0.797777854668342	0.981096394067226	0.699244544155535	0.976232870199394
129	-1.12454019856513	-1.74291422912165	-0.590468527488706	0.76693586589147	3.48662214909952	-6.49027175319622	6.90824352600857	0.414789656625308	8.11477315096569	0.181399116131395	-3.86457323641092	4.69114349809992	0.405616244498843	0.645191727981419	0.971442762575261	0.491909007691225	0.957078322122742
133	-1.63500439480569	-1.81850723879742	-1.40499612810114	0.282646331261835	2.04675656887366	-3.70944228071743	3.42058842430203	0.366702509046187	4.82088989408881	0.134324579906849	-3.2817041334447	3.82241955930414	0.435937513251067	0.717104024977241	0.97571062529849	0.625957090026846	0.966363740299877
538	-1.7521231186438	-2.04968067777723	-0.608067205146683	1.51746594382482	3.32163790974581	-3.33483461434747	7.33471547564652	0.340876481324515	7.7813939729318	0.521808397270577	-2.22224879644752	7.53692779360389	0.294851844101203	0.0999622320818474	0.724686870763585	0.119720232360519	0.819246193196647
144	-6.75297025080178	-5.47834683002529	-7.55367888519821	-1.82438233765156	4.68897395199271	-11.2488571235426	8.38762529597963	0.864722987905598	13.8112973150923	-0.342302367487852	-4.95476278053552	3.18057234435605	0.343213763815575	0.345522616676078	0.848191611105166	0.316956722650415	0.8562729155569
143	-1.7153969742753	-2.0185300792284	-1.424734787127	1.01456938131779	3.23727878495627	-6.821505236942	9.24402883836874	0.46850598290738	11.8993413839561	0.252777989915847	-4.05704056131457	5.11704712023452	0.357812531473309	0.526347737129482	0.965181032877491	0.320872444602611	0.92042662646811
616	-1.79105715872568	-1.75578604000712	-1.88121897295873	-0.133774773987333	2.13378429102196	-4.52818975427779	3.52070002346225	0.351710164634727	5.18820850802142	-0.0652096785668496	-3.82576354857376	3.13620098186183	0.472698913509976	0.750522690438112	0.975891825397968	0.807597672741345	0.981405630685714
128	-3.4726666077764	-3.77797513387657	-3.23443638800323	0.284275251978326	4.30662677141915	-8.46274513605873	9.90641406336	0.627994189760355	12.5790076491426	0.0510565866939819	-3.85883463615223	5.08384947509798	0.465625007026818	0.652438343200544	0.967302357835365	0.767806001564225	0.978143005226547
126	-2.36095260305029	-2.35900358166576	-2.41764259367553	-0.362804910952734	2.69008612515635	-6.2746267119309	3.4937257587406	0.296741899277235	6.69584637783632	-0.129944878401041	-5.0366168702201	3.76121637985063	0.464898603098226	0.569749128386049	0.963161940488493	0.830802687057525	0.986977633596673
155	-4.81300779575449	-5.18183660702208	-4.55938460605079	1.46636668574791	4.13664598488909	-6.86633152266106	12.1294862992705	0.589591722999417	13.9954168876956	0.305087103887699	-2.80834968864272	6.47452940828844	0.357254321691785	0.297997266025815	0.855805076888035	0.340126217145857	0.900189563000743
203	-4.23811326351511	-4.35752921369934	-3.92930934666728	0.810199597702156	6.19186165265627	-10.0909790320256	14.2902544492363	0.967042277698723	16.14186095962	0.111483384853179	-2.67811798876978	4.89898722595157	0.4414976719363	0.551517100931633	0.952941996938647	0.675521617024616	0.97250425773768
92	-3.59654821680646	-3.41405828159829	-3.86252108034211	-0.578132015462213	5.0795873816222	-11.7192494041335	6.87808210312475	0.554211846439862	13.7209097473298	-0.104563833388637	-5.70071754334271	3.34822339726356	0.453978168540086	0.64806510016081	0.96937959633039	0.752909665315335	0.979825566721122
1082	-1.88688241937943	-2.22482190960604	-1.62582288138888	0.457570509029117	1.55476180452855	-3.12741139798403	2.78368823340278	0.241809350096016	3.97681836041479	0.270540522134834	-3.48294054618823	4.80814002161439	0.374415003784766	0.660719717380725	0.968296837585915	0.432616870358744	0.937468482421212
168	-5.67203083189743	-5.5148492245212	-5.83111398366292	0.376622541865343	5.58760163374407	-10.2924175661749	9.94466886535663	1.00147296967365	15.4865711948695	0.0679828087425984	-3.19224300080021	3.36295237950166	0.465625007026818	0.704188607644895	0.971158743905752	0.76983266105025	0.979283931475023
114	-6.5201265040819	-6.77517582802588	-6.22869951690465	0.698533309858333	5.24205808402148	-9.76971952743458	10.2206129967635	0.841938885597507	15.1254423953968	0.122836419243715	-3.86977270521706	4.66962367434954	0.440625012252645	0.570957524761186	0.94030080332785	0.606407657261469	0.950518076976736
170	-6.12180983326854	-6.93012909560615	-5.16660840017671	2.33540767923701	5.53844274138689	-8.36673944485534	14.1264850595692	0.797073768891327	15.309600173493	0.354398635005561	-2.41173282982204	6.02300312906075	0.3296875391981	0.230406923969616	0.817719194633929	0.28033756346208	0.85848755046102
161	-4.47723138369706	-4.19363311368534	-4.64716400755532	0.0436315004883587	5.75765279159874	-8.96503208257464	12.9673181965608	0.872733311114953	15.0550661576936	0.00654846479260576	-2.63270529006536	4.23702478511659	0.495312500953757	0.648043168143361	0.969694095046371	0.811067367230293	0.984740639512685
175	-2.45107628065954	-2.51706283530046	-2.36526785743124	0.48177992942096	2.0132269680476	-2.53723424519022	5.62180115558284	0.327652890694156	5.78870270267026	0.221587487829335	-2.43300870697855	4.75164628726982	0.401562520834689	0.338788549227828	0.913044586761312	0.482953023176514	0.946087855545329
209	-3.23566703924882	-3.2693404439124	-3.11673874246314	0.365893186286613	4.11583371229614	-9.79783496989621	8.92724663064377	0.634822289217022	13.264234960991	0.0880258807128727	-3.53279215444643	4.54699854379379	0.466458665179807	0.753956249212158	0.978215967499366	0.749920841542359	0.977723608698372
183	-2.46925450726964	-2.48919877094888	-2.45799912480503	-0.143117763869753	2.99454818577601	-6.23826237763189	4.8925097245595	0.472493754689466	7.68191610389877	-0.0448363525235399	-4.33902632936416	3.87059563657391	0.481250003820066	0.713319766443843	0.975290338539644	0.793581382336704	0.982838040369747
160	-3.42076981491467	-3.74661006108437	-3.16812985693585	0.682560284839748	2.11940973524508	-2.8693829063614	4.65160091801265	0.433049325737648	4.89497019611606	0.309313958886607	-2.05238003517127	4.29533078258059	0.36562502946693	0.327175912418101	0.883453312813971	0.42505495423694	0.920538605799356
634	-4.15789115340567	-3.79514973376473	-5.00415180743032	-0.882801788263418	4.47827965294575	-10.4943257603733	6.84684628316834	0.55392704611671	12.1155368414476	-0.181277754910575	-6.40038451021913	4.27846364635509	0.434375013585459	0.543403519425438	0.954299215035406	0.628333958031133	0.967409271037494
162	-3.42913096505611	-3.70837072040737	-2.89470886179076	0.649605891113372	3.71560762851338	-8.76475819796769	5.90384700979935	0.486829537157772	11.6732584175982	0.152521467518722	-4.83339044774986	4.93719143174324	0.42500001561	0.719484981493614	0.975387606243444	0.622918792217844	0.968779332720555
1477	-5.72669101612208	-6.00670254296394	-5.55233068621405	0.358866491882615	3.86592510777678	-7.8177500984547	7.84117557035314	0.768345140117222	10.9540410598215	0.067039976090535	-3.94150014686848	4.09342947714703	0.463338541017067	0.589731266177561	0.958642510670083	0.700202902747407	0.971232168284011
184	-4.90308193221554	-5.38989757122136	-4.53598720351367	0.676346533160713	4.59663161918929	-8.85008804032984	10.390099863516	0.647505391668859	13.9567544295227	0.123438445955979	-3.51381483254042	5.69292602212942	0.439937609863873	0.553602702153514	0.955538028979681	0.649324057811384	0.963859649654213
207	-5.57656512757119	-6.1104846023492	-5.30873309860721	0.31829746947178	4.93150551967764	-11.7226965917442	10.2435745246796	0.635916887007424	15.8868491249746	0.0492725984938012	-4.24170376957344	4.68350784008117	0.467187506704589	0.700914012102427	0.971443838256108	0.674916765220074	0.967126497562864
1046	-6.93114975934879	-7.60764263890372	-6.01576581835679	1.4685953516692	5.69140776042389	-12.9871508622052	11.336629487624	0.891937946422509	16.9678223940437	0.203185584009548	-4.76976180546388	4.88990849556503	0.396255872221582	0.607466784057093	0.956920180326757	0.464010133635714	0.91224500011873
261	-3.33000882288505	-3.83802491878821	-2.99810922744887	0.906674845969593	2.63846239172042	-3.46229992462706	8.7762319338286	0.39708404062782	7.95958991307517	0.29323277123538	-2.26948172183634	6.97680107001397	0.350000033535763	0.197753952360624	0.830700631072575	0.31017793400485	0.904193384342804
268	-7.04656025826222	-7.21101853905071	-6.80759242014227	-0.0469607449998666	5.56098626840934	-13.5998298972986	10.85059830403	0.746909544637382	17.0128829245458	-0.00708122764572422	-4.41972636152459	4.18150367352824	0.496875000635807	0.632381806545694	0.958413761248642	0.681578169315205	0.964545543142194
