rab.all	rab.win.Healthy	rab.win.SS	diff.btw	diff.win	diff.btw.025	diff.btw.975	diff.win.025	diff.win.975	effect	effect.025	effect.975	overlap	we.ep	we.eBH	wi.ep	wi.eBH
0	6.44416005403377	6.60795365300984	6.23796968903785	-0.206911363464593	1.23215666156592	-2.10782721381517	2.60778517137969	0.131017400427338	3.06391303137944	-0.171739775325588	-4.71511054634731	3.81959680605559	0.431250006336338	0.758186285397427	0.942556060222357	0.508902092749387	0.79287978066149
1	6.10443257075423	6.11620266305961	6.07891539418796	-0.00465950890588651	0.987863283394654	-1.42098285435918	2.53488768450662	0.139121823259277	2.74839712642734	-0.00591205577929831	-3.61047941539337	5.01218132530699	0.496875000282581	0.521640160312057	0.882420980798405	0.908967937537641	0.956377897263382
2	5.62609682053641	5.94602457649109	5.32453143055238	-0.671559722585557	1.2265695570989	-2.83740527768919	2.12670936447226	0.194370315451048	3.34614302862126	-0.481018757158376	-5.584281937319	2.87787458193211	0.292708355967486	0.0401324080265623	0.32367068322363	0.0253094944279302	0.273802460256248
3	4.96046150990145	5.3077462604153	4.80574768930075	-0.185489556205199	1.48474033857231	-2.62970895545322	2.86300408520689	0.241792758151439	3.4079434464905	-0.100955849849226	-4.17495408741831	3.48960870550491	0.460416670268461	0.724112499947507	0.936369244238083	0.655786553267316	0.849823741478288
5	5.10932503729383	5.20282265455106	4.93391367287037	-0.308730041273674	1.05132614771213	-2.3817578373853	1.38285272029955	0.153872767517196	2.75209268999431	-0.282236627398224	-4.95995524210175	2.72689084830763	0.36666667964596	0.0524498674909257	0.378278659009022	0.186503341511313	0.640758152284444
4	5.07416652430845	5.27114730080691	4.84495973346923	-0.479247930214476	0.971252206862803	-2.60133549207433	1.24670726515874	0.138879551567348	2.83392833430936	-0.418780878272243	-6.17452435538793	2.22010684015588	0.3052083540985	0.013862229422123	0.220919087239477	0.0555657578591177	0.386418017776775
6	5.17558556156907	5.3039476406964	4.80877820397552	-0.528308328768657	0.848128597336965	-1.97596347576715	1.21806328557204	0.121834353798933	2.12146164557856	-0.580583193004691	-5.86950928660343	2.08795998516658	0.269791693082342	0.0152102798733187	0.224833565421567	0.0183757330898644	0.256176455703022
11	4.94480338207464	5.08604625382631	4.35185356428234	-0.717472444744053	1.0942491810858	-2.54821816012119	1.46955464843346	0.175482637761592	2.64500847654246	-0.622407407388791	-6.87435395472523	2.30411687367179	0.232049981890484	0.0151555865298517	0.226054075561434	0.00453008963019451	0.204694775805124
7	4.29921837304105	4.40428140209107	3.83504292883469	-0.511699280473514	1.66102884423785	-3.28768090502792	2.52425319143209	0.196117000268931	3.68132455230349	-0.280627196977756	-4.51843844647419	2.74509647650144	0.384375011045782	0.177184354739996	0.639326713536986	0.192602010357232	0.647267970987302
8	3.98929645370177	4.47986836935198	3.88615537730157	-0.131345270288124	2.05800555073005	-3.80577407068998	3.59342730098278	0.296763479276922	4.3992444863275	-0.0657778022685273	-3.62858895115464	3.75213064087466	0.471383977616648	0.681344868035366	0.92991254735762	0.768626816178064	0.894265020005833
13	4.40151206777971	4.55335204903792	3.87920897346066	-0.73313431116337	1.03436412311759	-2.96685456861755	1.52511572380011	0.122679071736983	2.91578691513962	-0.651086975293878	-7.45153472220927	2.62892570216313	0.211238332540358	0.00342272767125371	0.164189393499649	0.001721975040946	0.191292410068276
9	3.99691613969155	4.23181127496737	3.72680047136027	0.108799496124226	1.99795579403946	-2.58359770978491	4.2129902873587	0.256555727188454	4.27604099698585	0.0532932815213808	-3.07924098892533	4.356947253135	0.49011446499226	0.573507391096516	0.902752270621839	0.938455540637355	0.971814038633723
1143	3.99417673058072	4.38083061351612	3.69604257736778	-0.318909093338998	1.38250101878831	-2.50059130334414	2.37124483498616	0.198402313531053	3.18051615878333	-0.237195877456567	-4.49560272407344	3.03411139668073	0.397502611111309	0.303717559646021	0.765717607472696	0.267100455179719	0.698173534016929
15	3.34738918685535	3.23985555510572	3.458359074458	0.190202013612718	1.27384736344129	-3.85097973721936	4.82220173474165	0.173412279027961	4.9123672454453	0.0977381145954056	-5.19011916310637	6.76998554951376	0.420833340675847	0.618341962589075	0.915058057708146	0.396267969915099	0.751258267881298
10	2.37898667963905	1.68383639747226	2.69421399460697	0.533856616520538	3.62819930221547	-6.32240910488343	6.10111378369427	0.411750346727302	8.28491608997917	0.134451186676431	-4.79773537254839	4.33338301434387	0.464583336551943	0.933732144405684	0.978899491601879	0.665047571561605	0.85383311014269
14	3.71166600819582	3.94888746540624	3.43130935452928	-0.398533778816033	1.51860831530189	-3.67579662673331	2.8558874463783	0.199850529498635	4.26276973442676	-0.223113164595681	-5.46519156054802	3.54444275676831	0.385015619695791	0.418486330607516	0.823885678924734	0.271282650811295	0.700253951645153
12	3.79473912619881	3.90828589120056	3.33413903167762	-0.542768708151338	1.70858630164309	-2.78736377345917	3.02736760065358	0.210824408954013	3.91980937635092	-0.304214441081766	-5.17638484363318	3.23823942319741	0.395833343179694	0.387258906993368	0.806699940693104	0.291428719212593	0.710193927081287
39	3.62323942998009	3.75759937128798	3.31009467094159	-0.32912640306246	1.44682114522757	-2.61738013684773	3.57857756411362	0.213766287125085	3.92119123687538	-0.184761497692554	-4.30685291607521	4.84569857052727	0.414583341289096	0.892636691354456	0.967573780402114	0.383632358477762	0.748673135537142
17	2.96736642735841	2.38491142421443	3.46494998601159	0.776904702728721	3.0314236845632	-5.24863833296313	4.79393414770459	0.277555152075629	6.56888142821065	0.236981165411534	-5.37989598965633	4.634666288132	0.403746106834445	0.644735808761356	0.921766945684404	0.346817192464233	0.73491289685353
16	3.98302164541477	4.17255019554519	3.44510636690368	-0.431922954589329	1.38835538746793	-2.61719648861149	2.51087826310338	0.169023730011659	3.43693348833473	-0.290702047878978	-5.24935343271656	3.5315661481719	0.369791679296965	0.314413943330542	0.772516429499158	0.164462582145616	0.623596534143259
18	3.82140185897339	3.94743140608982	3.51577662301995	-0.277757765898655	1.51290442800385	-2.75463707845042	2.83164446463544	0.212066024191847	3.55581799539017	-0.172849425430259	-4.28908017292396	3.31848361799134	0.416666674417159	0.619959428793214	0.914090499508315	0.425271170625356	0.762504875937657
23	3.63514931939609	3.93926630860058	3.15159443860192	-0.825716239949373	1.32275747008427	-3.19338118224011	1.6064457560111	0.152350323756133	3.38842335344746	-0.55768029706152	-7.60405391955139	2.25986373726005	0.290322603602501	0.00518606338328128	0.1712660803802	0.0243480421716038	0.270814489034793
20	3.73149374879487	3.90976360898251	3.37642945820257	-0.478377051302514	0.730259628215332	-3.22366707976317	1.33221584126399	0.119953445971291	2.99335815229145	-0.486225906483498	-7.06801350044812	2.83362522110186	0.244791697873334	0.0215740517765831	0.246746434732079	0.00615691721681867	0.209544073529733
1090	3.65428185907535	3.72390709398158	3.65111506331596	-0.0238797176714556	1.03535718170163	-1.73237875051207	1.75880700624349	0.174563256302305	2.25603047668827	-0.0209281300743844	-3.7795601741108	3.26137016641561	0.490625000848008	0.907364194100755	0.972385072644768	0.890144892444771	0.949493884350543
22	3.48764254846505	3.55389570146125	3.25097372275675	-0.191877381509633	1.48749541416662	-2.66648351670575	2.90565488981196	0.168458655738883	3.43213201039207	-0.140052211264331	-4.15422185022712	4.21394575750564	0.447916671427829	0.840852079186243	0.957766018944576	0.639093866782192	0.842566789153546
19	3.16261179507237	3.39221800070007	3.05068355942693	-0.265361529171506	1.55520031812974	-3.78628908967013	2.41825861816064	0.203207753796247	4.33486493673877	-0.164918909530354	-6.10355236239764	3.03564601603115	0.445833338289379	0.355986899676651	0.792551650075795	0.600534906110722	0.829492601454994
21	1.3113573683949	1.07307545356879	2.23826622548949	0.992036482916476	2.4798282807068	-4.40905644785412	5.91918627445174	0.382439773395798	6.7490092472767	0.354113228579135	-3.3618329817281	6.25374993978302	0.346514063157362	0.151819808759487	0.620368707328442	0.108037397349806	0.537199687614373
33	1.64871497258722	1.60695675140738	1.68214345694617	-0.00925329216886261	1.81774405386126	-4.72652462161409	2.52386380099598	0.231614730785464	5.8365930842801	-0.00273147255588641	-7.1532909819013	2.9772750906369	0.498439126051356	0.184679431327769	0.646972845945254	0.907168878324884	0.957564480546341
1489	0.896377714385471	0.748047460833234	1.18473132624516	0.211988375520404	2.64819711620084	-6.17378317439992	4.57759582138387	0.318177759774107	6.89180457600441	0.0661043759834215	-5.96906168854504	4.57156511646255	0.466181064460035	0.752624275186153	0.940351551953547	0.753149984055117	0.889755172642285
25	1.14993013045021	0.664814498494144	1.59249161784447	0.665354344092056	2.00006110029897	-5.52185204148499	3.45906615537717	0.261634038549223	6.70987195173873	0.250079109505576	-5.35283103886885	4.9904285169837	0.372916678951454	0.942268230119172	0.980260784699514	0.174529565696568	0.630893806202697
997	2.11862820716048	2.71179382528534	1.96144547809348	-0.470233264718162	1.96649904890422	-3.5899878944269	3.71525199180198	0.226101995743084	4.19093870078064	-0.241849950142522	-5.32760988968135	3.33519952678941	0.387096784928663	0.207908287008005	0.671770898561516	0.256035830760667	0.687079455421448
24	2.50917733451234	2.32800757614445	2.75298100696997	0.477348098923612	1.69821368984224	-2.4043980925578	5.24115692960696	0.254879595780463	5.62084831741954	0.227715929978291	-2.48787578588796	5.82964982448727	0.365244550052658	0.153015485267283	0.619715226463722	0.170009091597032	0.625380496114212
34	1.4461465349398	1.20746071474204	1.62394254371718	0.232338594943248	2.04911746828362	-3.84332343507158	2.90289622538153	0.218171013636949	4.88979898521762	0.110198968202287	-5.81425332438836	4.39989914030937	0.447450577115223	0.653644336069895	0.920025325124495	0.561406579755726	0.811778034634984
30	2.42654040694227	2.62938084761338	2.33175660179746	-0.369596251964078	1.36652094376828	-2.82688843444954	1.83090020924435	0.219065108122003	3.27971596233147	-0.236533217026026	-5.91363159255307	2.59721631471256	0.406867854699515	0.156097898297717	0.618280841619568	0.355093901441954	0.73751297649033
31	2.80597732811249	3.14549937823699	2.58382083784807	-0.574688302094777	0.900868683605878	-2.65745941487218	1.04345020369126	0.144194331834015	2.68333389329642	-0.562037283049544	-6.64509916061474	2.0393454335754	0.27679503035627	0.00340893913738388	0.163722183288029	0.0163462841645532	0.246868407595503
37	2.79804475745382	2.99355052482077	2.56973365908836	-0.33423253655521	1.39556851550077	-2.83079651944304	2.38802192121346	0.251403080305323	3.33287670445962	-0.230104709038386	-3.89465325163347	2.98881853877761	0.406250008785984	0.31157018536896	0.767185484219561	0.310111818184423	0.716712023654494
1356	2.83889771985004	2.71925362405954	3.28455768867495	0.516746769386306	0.855921229746671	-1.10847591961169	1.92343375498049	0.124414312255879	1.91823586616448	0.542121736718838	-2.35548053214636	6.44359639359695	0.27812502498172	0.0187294843489674	0.237344878577697	0.0188728158773835	0.256827342004924
32	1.40694497415575	1.32703531310446	1.48224240171666	0.202257250344989	2.18386132104464	-5.79491464182488	4.64439288956298	0.355185571394457	6.5144307007133	0.0847651499025555	-4.04047469060269	4.28114907081598	0.463059316567013	0.720736182114626	0.936343000704889	0.662023303209313	0.855484738595078
26	-0.0572275552639381	-0.247912903321388	0.534558874614673	0.348188021836521	2.95208566585678	-5.99024376034026	4.77994786205704	0.387299558804135	7.43699431059934	0.104540797019416	-4.12551742801572	3.54977503260402	0.458333337127281	0.833948060878727	0.956191085553012	0.51497384613863	0.798269959544248
350	0.729203288268854	0.523361644716838	0.896823235964693	0.456817248313521	2.09436375022254	-4.72747269746804	4.12243947398213	0.370239499030325	5.9496489152439	0.185421838006341	-3.14740800839502	4.07954067331669	0.422916673806421	0.462190108372117	0.850061233380551	0.377709624565523	0.742710530985944
1444	2.35444724210631	2.74999176126192	2.01299198984802	-0.713166709485384	1.30299783730009	-2.9171188596784	1.86836968801034	0.178745758701446	3.50845514646322	-0.493195107115101	-6.11693506371723	2.88973661768556	0.296566099001482	0.0235410085180419	0.256270113463715	0.0262579889359134	0.278747965492152
28	2.5715782083525	2.62987327323676	2.24680643102587	0.0587823790506947	1.98878141831117	-3.15188418382924	3.81359662582847	0.25923110656806	4.30206455891775	0.0298302984559251	-3.61515030641478	3.82730804236398	0.487500001130987	0.768600390594868	0.944251713647182	0.903559705368665	0.956112451573062
27	1.02679778758914	1.05324114254247	1.00415960429184	-0.161414257305929	2.29274102161163	-5.86419169948586	3.04734095331912	0.348564830447114	6.40789703630334	-0.0687907618319463	-5.5489527254668	3.0826653893997	0.472424560248184	0.234378315623573	0.705871016486684	0.782615304050594	0.903181822917013
62	-1.0688676778952	-1.89897813270638	-0.0537236193007828	0.871945760603448	5.85064648475537	-11.5681150758315	10.0985234340076	0.705983144610774	13.9352112009149	0.152250254866356	-4.70152970373718	4.32735711481546	0.405208342224178	0.617141760664578	0.895718962519288	0.363311131976466	0.73608831632608
54	1.76948753776597	2.02568226671344	1.33150846035213	-0.604617238014037	1.77143827696191	-5.49051088624676	3.20844891186311	0.236344021165603	5.5466901118747	-0.303239248614041	-7.16019991183287	3.20165275106236	0.341666682579224	0.158016832913503	0.622095822546587	0.0976559842781937	0.5092690545292
1031	2.05363377186586	2.36895051334756	1.49913838639265	-0.705538214991549	1.35202015077123	-3.21166326585411	3.00879063535241	0.208084970737634	3.87345097556254	-0.436596217377448	-5.86066005065584	3.43575741914194	0.282291690957645	0.134242404928588	0.602123546940648	0.0298649275547593	0.287942285964565
46	2.27905391656267	2.52358084676854	1.56240682734611	-0.796711097436822	1.29083728431466	-3.20314454819675	2.12340355682705	0.180105687724328	3.16886323642889	-0.513780849490452	-6.26549293773741	2.79002233080702	0.282291690957645	0.0332478557525233	0.295815132392111	0.0216476153724177	0.264371457617009
1354	1.35937930700868	1.2910100322255	1.49707029027201	0.276810726727749	2.21856908003547	-5.20629563688809	3.34010076352646	0.293437691185064	6.43716491381339	0.10560026460046	-4.79743486375267	3.29671958952058	0.451041671136452	0.849267414921008	0.959468451544195	0.659732616027444	0.852350822005497
29	1.67990829987659	1.79555552555854	1.56687454693127	-0.0567121933238575	1.59589626654387	-2.98636505260772	2.50147876227211	0.233807699556115	3.89027921279131	-0.0413033035531641	-5.25129211877909	4.04606552535238	0.482291668269908	0.341754800593727	0.780814520379769	0.803958732781486	0.911552086559
40	2.16302210564178	2.36897366309473	1.78556487047709	-0.62521281458658	1.59637683327667	-3.65630878919963	2.61333594269998	0.266297108853497	3.91762023893644	-0.360644785176864	-4.94901919417916	2.94076386013989	0.337500016428949	0.10472134506533	0.560438214598434	0.0816497693193597	0.469901583153117
49	1.61502242510696	1.75406534474406	1.53006997273821	-0.219456582407319	1.67987033326211	-3.34395424870561	3.02007315361096	0.266619475378572	4.01717569528931	-0.131206271941381	-4.61830513183672	2.96487573520938	0.448491159744548	0.441512456092416	0.832985435279564	0.534324039106283	0.802332814853966
1504	1.6858422327833	1.38205923081488	1.90442969502419	0.269382749544451	1.68275875758301	-3.23685010041052	3.15180356201645	0.275682605674252	4.44659807908281	0.144985299627536	-3.951618802371	3.9521532950059	0.443288246599232	0.643241921632386	0.918356630134613	0.487090232617299	0.786576116378692
52	-0.718003631061992	-0.836667665127377	-0.451123052216516	0.352862480558816	3.6861768664129	-8.37070898962268	7.30563172633227	0.52419621368429	11.1249431578507	0.081927866142505	-5.62692390677395	4.4302151264805	0.45729167055684	0.859675710617589	0.96281876677253	0.646107685525655	0.847952487077145
50	1.88644707845137	2.15433867914478	1.72519316650657	-0.38156634667761	1.20503829928604	-3.13146494535128	1.9860796953544	0.196350254672211	3.89975123938549	-0.247059869165916	-5.23764986696727	2.74895301405946	0.384375011045782	0.145263818854589	0.60788507853846	0.207261695874953	0.655929176428934
43	1.7608895659052	1.92209029360792	1.67552615501906	-0.00920745537904288	1.47235381598255	-2.16923294123373	3.63038924951372	0.240159559269493	3.41912877986768	-0.00793351842065478	-3.57765636934288	4.23551216729039	0.496357960786511	0.718315066688789	0.933131127553366	0.89286368565863	0.949447911508822
36	-0.0970919616726365	-0.0717167071647395	-0.121421609843646	-0.701131151531042	2.68125843485221	-6.35711922861193	2.62830198239764	0.315332695121482	6.94637784788042	-0.263950908021465	-7.43287414944579	2.51103026774049	0.409989602566796	0.0336856621726424	0.297015575715694	0.34867671062842	0.730985593425573
41	1.7016723546781	2.2323460587077	1.22042952347411	-0.84814463965595	1.70140047772449	-3.54170555782711	2.31602377130384	0.30531401271311	3.85674622881187	-0.487028681279658	-5.99011840867868	2.21380142411679	0.315296585377343	0.0313831724622951	0.288856225460371	0.0485151430575695	0.360785562462307
42	1.0055857032142	1.26735842616445	0.746940413062178	-0.393446751683519	1.6832531912787	-4.07084891619637	2.35448693588621	0.291774974327499	4.33078115870037	-0.221168690185566	-4.76118143069099	2.59043079097376	0.395833343179694	0.108446104340898	0.556041175699286	0.240564509281036	0.675633213254582
48	1.91827637431903	2.09307642647254	1.34410303427618	-0.586825179981442	1.36531241868253	-2.89153111932686	2.43215982815375	0.204585403032245	3.38206026219803	-0.37977850451019	-4.67080852780746	2.90006287552272	0.353798141376928	0.139550847890984	0.602427844338017	0.116765247051641	0.544328442207079
35	0.567950698197663	0.452967863932582	1.01758561329948	0.39510617715299	1.9915506740865	-3.95772914963617	3.92604083885885	0.22257533420947	4.97061248794183	0.168050386998718	-4.0950481786157	4.13751859415323	0.416233098307628	0.641275726200635	0.914768048074994	0.426488936583729	0.764532079124254
38	-2.02463667303001	-2.50149199350426	-1.44803291320179	0.834043574042163	3.25361702882712	-8.91652501329111	6.63647055199697	0.418532079058619	11.09060382136	0.203866190786962	-5.74084275819716	5.53596580298263	0.392299698016289	0.713895410538087	0.926449167863425	0.233379261802625	0.670879915501393
148	1.40204837977635	1.55249810437639	1.18789721415115	-0.410146211510146	2.16814760178903	-3.9677180094372	3.8296112704191	0.275415129949676	4.8693371063607	-0.181337604597653	-4.73343964745006	3.83038134463321	0.409375008472879	0.439453851360158	0.832602338180892	0.415846053425065	0.757303376472787
85	1.41117813810832	1.5376821988516	1.25437681732168	-0.369984903522616	1.69409515137789	-3.61036524598204	2.20868466101673	0.259360787771205	4.02966790937417	-0.214252626083967	-5.02856592660598	2.5570315366852	0.401664941592339	0.126675274572213	0.588542757680597	0.314008854863476	0.718204824174492
81	1.63477725252837	2.05111556164436	1.46011493455788	-0.448362764844984	1.80110747325771	-3.59339898885755	3.50702649712425	0.222719397421653	4.25551615558724	-0.218517523639848	-5.84087893760203	4.16752735043026	0.418750007546085	0.457157300858605	0.843907538873534	0.493194131260925	0.790151096253449
47	-0.22750932198417	-0.391862752380671	0.315626708433884	0.419619885196842	2.38910932713147	-5.84831046244573	4.97286664931877	0.321380470519833	7.24479505259798	0.152804240545957	-5.21158996983437	4.74353469923398	0.413541674725395	0.7291956871303	0.93741048109257	0.450578321860149	0.771336220962968
509	1.29226844563364	1.46003264307895	0.428077253384003	-0.943602798272383	1.41810843861821	-3.94772294229538	1.64238010285804	0.204657530995036	3.55561677918144	-0.613396779712112	-7.44400423000056	2.16772746960478	0.267429787445741	0.00386743551045554	0.16517930943508	0.0091875362223645	0.221114657290605
51	1.24944123048924	1.37782383460607	1.19567352161943	-0.138272759979979	1.64204141613593	-3.19219808635953	2.31904429970842	0.251476571859454	3.71633631688709	-0.0837309962609042	-5.25368332626495	3.20085528246417	0.472424560248184	0.325138992549417	0.771580764712881	0.7069525752153	0.873229993283479
672	1.69274553788665	1.73534118812772	1.64589527209698	-0.127460284423197	1.14429101217361	-2.34222798921987	1.81231464588947	0.203980389799775	2.76205347566654	-0.103979325596093	-4.23709137264551	3.0330725186025	0.45265349026307	0.538487218964597	0.876071126402626	0.619432924837046	0.837927671309814
785	-1.73719820801545	-1.8604518169393	-1.45698351089569	0.50832357058577	3.46033198676092	-8.96342906424807	6.46549291924851	0.610714938254173	9.92938094263525	0.135650187842959	-3.94881925535831	3.63820490257225	0.445833338289379	0.842282302886021	0.958875485031927	0.593465727964281	0.829989867075202
44	-1.47047424954184	-1.74645722278758	-0.881531772370399	0.763583042783914	3.39404198815454	-7.09069114829191	7.96708707677322	0.436424016829575	8.879163049616	0.203455834463582	-4.2311456760325	5.33674512592039	0.390218532780324	0.389114957170532	0.809887851245307	0.25306057475592	0.667738233458206
59	1.43065204807598	1.43238013612412	1.40813116601723	-0.0703275275418771	1.50940172921969	-2.68368079473941	2.34021972314402	0.279226311747606	3.25684553811699	-0.0457080223858054	-3.42289025608453	3.17719651083787	0.478125001981784	0.790479621073121	0.946874912179864	0.868722660000287	0.939743186768859
60	1.34587780924243	1.2913071591174	1.41191586275629	0.157570877640302	1.9267742652106	-4.76587285219797	3.56384640656786	0.264863433272387	5.44883409529036	0.076667631005678	-4.78746540430214	4.4329478916683	0.446875004858539	0.928179535949967	0.976882460395249	0.571442754397076	0.819750519249395
84	-0.991130792937955	-1.55008067818083	-0.225264382536536	1.20179213818172	2.02101400450114	-4.9112968165139	4.26787006892302	0.30119636491145	7.08062646951653	0.471569291187834	-3.95565828540207	5.22792092101024	0.279166691474122	0.13603484464646	0.575843499148764	0.0223007142170725	0.264192898662452
56	0.869319238248947	0.876622843835661	0.85588943383021	-0.385192082513203	1.9697300203851	-3.99538506699621	3.34153672517585	0.294142347055737	5.02594013320821	-0.167180678228662	-4.37764076006426	3.23342493893343	0.427083340069904	0.410868255891703	0.819505003754665	0.512789276047133	0.795160491745161
72	1.32288760903798	1.21569273828371	1.4820461612208	0.344515616006536	1.77558555245352	-3.03414148717007	3.43281315954505	0.305261861120989	4.07654106985283	0.191103481971331	-2.87777930281536	4.20710313828915	0.425598341933244	0.424145601240697	0.833699010038803	0.416091083950355	0.760186793015346
70	-0.62780931672576	-0.672676500799152	-0.49240276638558	-0.345646916975475	3.81152643211277	-7.87684162326447	5.65970080006506	0.426300116289346	8.29302495414971	-0.106727522846631	-6.45956932078566	3.43250542812086	0.450572325003569	0.353494443599533	0.79009963249759	0.682127979706864	0.860717487185635
61	-0.486483930573848	-0.690137886332436	0.0575912799289808	0.382133579207759	2.43242820962845	-5.3562860196215	6.15401101699706	0.343684888255603	6.49590532090356	0.1417995488526	-4.47709197691151	4.26581513324127	0.430208339769463	0.780599629499642	0.946470625856454	0.456035884897636	0.775071273239036
53	0.37886575209562	1.49487171039061	-0.308074472925858	-1.53206900328618	2.26002401654907	-4.94433099556913	3.49164131695563	0.331447473514819	5.13937446939528	-0.590323297196848	-6.15245846723956	2.08966291348159	0.288241438476832	0.00811859193802016	0.190807835991331	0.0214832242703236	0.263928655925074
66	0.406033283441253	0.186764744802313	0.641898926135133	0.257261767198246	1.81954953551048	-4.06836914115059	3.25742816096134	0.247354896773172	5.27749479689936	0.11835449780944	-4.98679951913286	4.2615074043108	0.434375006037985	0.84523436315213	0.960208317066993	0.497705974759306	0.790685024501641
55	0.972891052067544	1.56087408511131	0.64996511148617	-0.716225186547925	2.12254495474741	-4.36983119400866	3.24921527898794	0.354450859119574	5.42433670621527	-0.301741048472549	-4.5588245633839	2.90587888323548	0.373958345503703	0.148770102486071	0.611581979086602	0.156730883389541	0.609097903746135
58	0.389413620759494	0.255637273357435	0.81732853515004	0.909976378152631	1.923578345072	-5.47458691496127	4.70893525801162	0.249053037901462	7.62398218485304	0.339014146365194	-4.75493598094235	7.07301579389552	0.334375016822035	0.232792967377708	0.697749390167105	0.0567083686556133	0.387679205251663
301	0.345220234104623	0.287609114088374	0.399283175751864	0.0917446618647304	1.90163855143481	-4.13579191081167	5.36650281551443	0.265235540613829	5.89163289755904	0.0329564076730784	-4.37684452730559	5.00651753310311	0.480749221302615	0.919657974767333	0.975389985824235	0.792103770316237	0.908321010813797
1445	1.42881611469263	1.47786430853707	1.19857826473844	-0.176756557984763	1.91517050448839	-3.44984404598265	3.1125666049159	0.327785684615974	4.33989679944004	-0.0798826746839092	-4.10414998433039	3.18840050519465	0.461458336839195	0.574364213723943	0.896836594839406	0.686947886448132	0.864078439795878
65	0.149834534509404	-0.00142594726964962	0.685899327435701	0.781942859906478	2.01504124989227	-3.71151833845927	4.55776538892031	0.264993658848798	5.13334465265247	0.336753931163009	-3.21686487773244	5.13807070261307	0.346514063157362	0.106151381539706	0.544129023170066	0.0892266247568455	0.480532166468821
1074	1.5945301758658	1.3533803142242	1.80999300052612	0.603206199353996	1.03949158994943	-1.17976034789659	2.57716523555532	0.151628325346837	2.25719321524831	0.580084139870166	-1.74773779447317	7.0795286612984	0.275000025511019	0.00763471797928317	0.184720788673641	0.0120979299623613	0.235167032971665
64	-0.533664543532595	-0.705134016435417	-0.19001057288035	0.516171591954429	2.29244814416808	-4.64324116529224	6.49973084455547	0.291458171301073	6.47603435578906	0.204274775540878	-5.22691952266716	7.01913002043114	0.372916678951454	0.482136327864949	0.862340763698036	0.194380846085218	0.622996792929993
97	-0.408345109795993	-0.74666104851631	-0.22299627396899	0.294021634822237	2.90423840358456	-5.21587915797775	4.4992984777067	0.279121103960495	6.02785657322402	0.092692799312827	-7.28829623435245	4.85433441217961	0.457856403413776	0.565316138208412	0.890880926241269	0.660862508974998	0.85394578324194
237	0.300901028379076	0.283323308999522	0.332988404516032	-0.516814327002997	1.96493294616852	-4.15369412405783	2.48525290666259	0.324714473227909	4.68747223554024	-0.217822125677843	-4.88757894717272	2.38632497790599	0.416233098307628	0.14628789186018	0.60805334647944	0.370432769354725	0.740827098122555
57	0.377017893559751	1.06925255688876	-0.135540105804373	-1.21362626628428	2.48505697384602	-5.2075383664841	3.23810864792405	0.369611023333669	5.6728111684987	-0.479372941636349	-5.99249779319852	2.27334691699552	0.314583352772357	0.0300824697823336	0.28577913360105	0.0440804261929688	0.344607199190112
383	0.733851954133817	0.928765048016583	0.505108677754433	-0.802521892129487	1.86917127605501	-4.10267579262256	2.22890905730932	0.312680703054455	4.08347664896923	-0.401154372867865	-5.85822061590901	1.9007350240503	0.323958351503918	0.0183453133096785	0.235010621421457	0.0571162248255764	0.387983883734608
69	-0.708727151344712	-0.678365659179885	-0.739757931690455	-0.290518349687948	2.93890047883307	-5.62463986411195	6.30597755433662	0.428296287138202	9.49521835610279	-0.0893002873807873	-4.03980320486167	4.25890234485904	0.453125004276134	0.766607411113191	0.942595683259572	0.774390373511774	0.898132456347809
76	-0.770369720927112	-1.05575585911128	-0.586177974795371	0.310439658834491	2.40436130734063	-5.76445623947828	4.10146399400458	0.395835439755212	7.34032952692983	0.119999664797073	-4.80089436984235	3.55066417921061	0.433333339470602	0.883017436645636	0.966223838105872	0.51258041130335	0.79405314616586
1185	0.0937331733282791	0.0475100960562242	0.140763892083124	-0.212150712403814	1.78581273490931	-4.55908429496384	2.58325770777657	0.253033501650525	4.79934332086308	-0.113096745984398	-6.22889446017093	2.69586225916089	0.440625005445623	0.283108616967863	0.737033243471276	0.672799228525475	0.859409900294742
89	-1.28990758429143	-1.34172652299833	-1.19577251958329	0.0583517063344168	2.84817514560672	-6.62903210059413	6.19128048211327	0.362753895347713	9.2146285353248	0.0137180661168608	-6.37169145941124	4.10047999950492	0.489073882359951	0.702709378642802	0.928115815181773	0.821505385064889	0.920209779369159
629	-1.31063689667228	-1.59636686438639	-0.820365169450016	0.803705823173271	3.20458797834255	-5.75803845953442	6.24014936101868	0.586602431184514	7.60638597773836	0.218328364575927	-2.90286435041179	3.96320307006875	0.410416675035659	0.422202894059229	0.826735811872494	0.338850463057144	0.728456758723828
67	-0.234080916104388	-0.57239587570484	0.0897844429722729	0.542991409266437	2.45117275311439	-4.81316163363212	5.49011672128858	0.411232862738581	6.66681958310353	0.189891841097542	-3.28712288065728	4.84367038629079	0.39854319373116	0.456661198713429	0.849500067123197	0.287503912097072	0.705682500562385
68	-5.64402676922274	-5.88688087688704	-5.38674861357895	0.0899882494302	5.47481109686058	-12.6466101573062	10.569611501515	0.976914177724889	16.2390474368434	0.0116473953603054	-4.46022154732254	3.98656850941155	0.492195630256943	0.638734142429347	0.885996755875575	0.68460855414979	0.864463127591191
71	-0.612324307914728	-0.342817466200289	-0.825446803729073	-0.574813566232963	2.61605869782258	-6.58219781095354	3.84524637630731	0.398223354720499	7.41802478523213	-0.185871236823899	-5.56397085783902	2.40711991317434	0.404166675662625	0.191773860415319	0.65358052855043	0.332276786063492	0.722793958065836
82	-0.23967866346988	-0.203818299152507	-0.347248006678804	-0.298671621516742	2.02296828989646	-5.74315805661117	2.80237126213885	0.311038382136713	6.15094207003792	-0.119049051241346	-5.71786378248284	2.71678974213533	0.438541672309127	0.245838031245171	0.702116960988175	0.585841642925951	0.823724920988761
79	0.0771639355402716	-0.0279351317363492	0.211975906633783	0.318347944042254	2.74631560398602	-4.86033124885604	5.40272246481416	0.472051593954552	6.63720926668842	0.11017446391518	-3.57784444283693	4.24748214439726	0.446409994486027	0.658602860043975	0.9180150160627	0.582664815445043	0.821539744289784
77	-0.550067431406483	-0.856481538002797	-0.173703838255423	0.310734871430883	2.89190831012679	-5.83032964165242	5.4844179354776	0.427310451880697	7.44391248889623	0.102990190395768	-3.66852921093982	3.65263322112273	0.454166670846147	0.755928482642385	0.941461941887366	0.625482797292995	0.839625165982429
1004	-1.31041992852425	-1.4185705618387	-0.98397684500379	0.460780822624556	2.4815068989293	-4.07377437293185	6.81517519539841	0.410288967505238	7.50930971185149	0.164788294935255	-3.24334805712057	5.04413782369194	0.411458341598674	0.316731124709763	0.751854967429155	0.353959007327174	0.730492812842913
318	0.0237693536338712	-0.0930910404188738	0.559608307775235	0.392380928769578	1.72034479256483	-4.02019051764084	3.05759685328237	0.254475249619956	4.50003762152043	0.202402229274911	-4.71823479346874	3.9249834953679	0.413111350436196	0.755199452988152	0.939938438604786	0.390410906165659	0.750289390181854
86	-0.345421781926205	-0.220582301109284	-0.628789966306366	-0.338074106284481	2.04796960948188	-5.4477433966705	3.42422496576901	0.352988605165158	6.4294198042739	-0.144526883490647	-4.98164100274245	3.50075515320808	0.419791674110863	0.299940656996882	0.7506683691371	0.40946150044672	0.755078796297386
95	-4.08618234964803	-4.04814431468632	-4.11818572526496	0.892575128374931	5.4893916409308	-9.31325845781306	10.3082667381144	0.718227187340922	13.8630190543788	0.13544403595951	-3.76937724061596	5.18910420054873	0.439125916085463	0.572676067778573	0.866325661531506	0.57203150737691	0.819171389289313
96	-0.977294525241159	-0.961444266716017	-0.988146144696087	-0.0738500593000797	2.60636946385198	-4.87323385387198	5.41488608462289	0.452700182425246	7.57589667267231	-0.026557153667978	-4.13277495281745	4.13746198490765	0.490625000848008	0.878451222499083	0.966033691269644	0.901286452422042	0.954120273991392
91	-5.24535110315471	-5.67028775208404	-4.62032895688097	1.20815211299149	6.20624877042785	-12.3509198795304	11.8317584283391	0.700783998229775	17.3318606404537	0.180877232492447	-4.1806833577099	4.59685131391984	0.382934454464211	0.586473849724088	0.866915306219597	0.36411829304096	0.72310532400547
124	-1.00743241791543	-0.52828765594631	-1.12905165900987	-0.614473270067111	2.8091545527689	-6.87769612804345	5.48354544439545	0.35288092996299	9.03610737767239	-0.182075055743678	-6.02630695396845	4.16141217179675	0.424557759307382	0.338924061888504	0.772372781998617	0.449627065612182	0.771680956243644
447	-4.04060059130789	-4.49594452344063	-2.27618899602209	1.3795407592396	5.23958344588472	-9.64317485146736	9.8748203674641	0.764562394585383	14.044519256609	0.234545392321546	-3.2907012136548	5.03477803941021	0.367325715271894	0.357983820987761	0.758506573758842	0.208618270441004	0.620309664401957
1007	-0.137844635621338	0.112456058138707	-0.364756476775255	-0.573784688954927	1.88753942554792	-5.00803684101898	2.26353889030257	0.327259164390098	5.31991822750525	-0.27534872572864	-5.88396808743064	2.1712339187319	0.370447463103708	0.0592554538020853	0.406053096658031	0.175691526558947	0.61756534247799
80	-2.13109095014833	-2.36438442708928	-1.60489185694744	0.772632131451874	2.31828635570968	-6.53411129466337	4.56294301463307	0.385076359050023	8.21569868023035	0.258774594330588	-4.26734585175017	4.58778206875862	0.369791679296965	0.608822305190113	0.89364390107512	0.166978278013895	0.593769666938148
87	-0.823096818686333	-1.08631982114576	-0.356359257028601	0.914848341020793	1.62061186983895	-1.86609311741523	3.87665784415095	0.279000463382006	3.7979988169484	0.604086813844724	-1.83449150663429	5.91329915080557	0.261458361258947	0.013752141841994	0.209551572358549	0.0103634308356786	0.220747948598239
266	-0.307147382772564	-0.457296796022447	0.0489034455664177	0.344513160024155	1.73144679962685	-4.63170057918508	3.51288881123184	0.297581687919063	5.47101440116486	0.183303865410468	-4.21835010421668	4.13195731610376	0.409989602566796	0.602872278483241	0.903765215330415	0.297282433357225	0.70322055316013
1122	-1.93552392704004	-2.08146151407137	-1.74724570568338	0.641778146461869	3.63407150368987	-5.66207556312524	9.03986068758511	0.51341749669189	10.3596811110765	0.149944596868361	-3.09998812588926	4.97015730064403	0.416233098307628	0.430788998688187	0.827443276205122	0.529283281995851	0.802394746953428
117	-0.07983258553665	0.114260339228315	-0.28558985213744	-0.407359200338039	1.49953000987067	-3.84933434316335	2.24960069347312	0.230059408263539	4.91372946452686	-0.241043103607859	-5.02796511707639	2.86546532522773	0.383333344490035	0.197140957362002	0.655711971812639	0.267992838858106	0.684096486804122
1164	-0.682160739069562	-0.568827997191177	-0.832995998870754	-0.192306528168041	2.50116377075007	-4.40909229983941	5.09465057845028	0.422547682802009	6.19735904119732	-0.0626456582785362	-3.46897428076913	3.61455989655492	0.473465142879786	0.826178130136481	0.95522823989103	0.734566746892999	0.883088800733444
104	-1.25465675255104	-1.38703362737139	-1.10591706155214	0.221233006308542	2.93931092362327	-5.29485187621441	5.32188358679691	0.378947111583725	6.60476823266805	0.0703124199785059	-4.29951994406687	4.66320498727495	0.458333337127281	0.855995869524167	0.962293273974367	0.699979277020196	0.867861924996532
100	-1.67403824244189	-1.76880637564725	-1.44867458450312	0.0642080806938496	2.6183408060704	-6.4374329346847	4.23599291085778	0.443592492619288	7.36689277965401	0.0329275786314585	-4.58019107421032	3.65282185508781	0.483870969198844	0.588888464810589	0.892426575914074	0.812037985592646	0.917058516250175
98	-1.25891337500437	-1.22466406958702	-1.3135065709521	-0.121321277095031	2.04229824351175	-3.77847320334489	5.05384300150918	0.360094952965273	5.83564419314857	-0.0545260568158116	-3.82387838207665	3.98576759446249	0.471383977616648	0.854780551290145	0.961984257656182	0.776988370532718	0.901692848095333
109	-1.11400157340803	-1.37026179144075	-0.665358002540842	0.648055379864353	2.3231775609836	-5.14539983218948	5.92276972677907	0.339508637117229	6.71619284937556	0.252352887582371	-4.32103756012007	5.47370623392251	0.366285132662075	0.354843696243857	0.786648258586806	0.195719287069247	0.623501580072554
112	-2.44160082344406	-2.61200388401987	-2.20227564418214	0.412939215160733	3.37814781304601	-7.14017278437533	6.7298844096175	0.584469269509878	9.34168891189316	0.117365781717475	-4.47820445063995	3.6034523876963	0.438541672309127	0.72332363445194	0.929293577469416	0.558422704973905	0.812967527972029
670	-1.35910300279626	-1.3153436574195	-1.47158034203471	0.0140394389437306	2.95046341953561	-6.9855916757144	5.37691524482494	0.404053610333331	8.64423964790674	0.00465903347032658	-5.3833372438241	3.8385851451883	0.49739854341893	0.794769088620937	0.946598698753359	0.835792017705461	0.927446523935368
1092	-2.58645308377799	-2.89965998580687	-1.8627113723801	0.831518001081309	4.50516684064119	-10.8083000696712	8.40162129587382	0.520742540845257	13.3223944395779	0.160548851413241	-4.27784774033734	5.28869940416617	0.405827272077575	0.741926709231707	0.933225857462692	0.345536065334619	0.731079017253968
951	-1.60242836817879	-2.0528616213909	-1.11061875672441	0.961030353891775	3.09642096449332	-6.56854147624904	8.03700604525941	0.417450730871842	10.6900224730448	0.260308867271624	-4.43703886763553	5.62234182403244	0.359001054404846	0.403987555306192	0.793384890484763	0.152314600415374	0.59297543673351
102	-3.9452620958029	-4.24871602242797	-3.63296864023642	0.615510117767103	5.17884218163626	-10.3396421850301	11.3978118009865	0.775884168133302	15.1194398527279	0.0928951045554393	-3.82307685193907	4.92627714085948	0.438541672309127	0.606994536398988	0.880892707309921	0.569295080670941	0.81787690060331
178	-2.93936705004139	-3.04511927183934	-2.58494330131284	0.281777397285404	3.57269292541403	-8.26756926691841	6.94979905369181	0.619388082614631	10.7969412619874	0.0723991166437546	-4.38160925032021	3.60568046496489	0.465140481828944	0.765876181430347	0.938444812008509	0.758338848412829	0.895340558110027
346	-1.41522700836785	-1.38985940967589	-1.46846405637361	-0.256334177079267	3.13420462150966	-6.04226159224954	6.50083996543605	0.448126177435229	8.92326284269315	-0.0763393052041235	-4.08490583066076	3.45301518308482	0.465140481828944	0.857268350716441	0.962615822659525	0.805267078640171	0.911521079126706
975	-1.51978245556179	-1.64531658753191	-1.18579874239499	0.331438572313905	2.39068804994669	-4.63186558598694	7.16275454211628	0.385684174891781	7.49851673992025	0.114651231170005	-3.70536996250784	5.44741764769744	0.432882420319367	0.460547346496028	0.844907734549207	0.480107274047655	0.780772889651274
130	-3.21244125815775	-3.25604570611616	-3.12605814358475	0.0456977497468545	2.99250076301264	-8.24099183555188	5.75295446023979	0.449447553789213	9.77801000266424	0.00909509907870453	-4.89917600864138	3.19809929456458	0.492195630256943	0.7317898394901	0.930086600295034	0.751806773838398	0.892418702687401
78	-1.74898087415199	-2.40352668958508	-0.605479585381923	1.21538030772414	3.25830338140323	-7.76678436638545	9.96010537238545	0.383382939464312	12.7146380566912	0.333165734215867	-3.64292393918933	7.86330028788746	0.286458356949959	0.142762588398443	0.510730801686274	0.0256076916066003	0.276486350466782
106	-0.988020274571532	-0.954276299821766	-1.03379618333019	-0.203597906700487	1.6212548704831	-5.25433049772026	3.52588125035411	0.264273966472618	5.97388679926539	-0.104412034403002	-5.9814736213756	3.81623288332664	0.43645833917324	0.41896374690651	0.81690415987895	0.547526745569117	0.805224976357756
1370	-3.95259953818949	-3.83973745857189	-4.15924181641597	-0.257058425801297	4.50286545797524	-9.93447709450986	9.70392853135718	0.708409475347129	13.2635515605992	-0.0449306325374128	-4.40376632923261	3.7885888507055	0.475000002266226	0.647908679825718	0.899557033162975	0.674696879892582	0.860812510069894
819	-3.06435701209218	-3.11326896365438	-2.99251535973626	-0.386070615425316	3.5998986671099	-9.66660336400715	5.31394069073149	0.522860264414584	10.5692506045908	-0.095788060267461	-6.16023317499407	3.16795721486906	0.446409994486027	0.25616122496976	0.698104679939735	0.619354411550537	0.837632964336756
129	-1.61683761906909	-1.67990210475114	-1.39172665934549	0.136831934702053	2.07596805444898	-5.7227112261189	3.90303788825315	0.304056499334292	6.92330578940719	0.0608897389350561	-5.59979745675422	4.26442704828498	0.468262229722457	0.735791773200085	0.931671048304547	0.666841421747033	0.857220491395807
133	-1.63643490770386	-1.68620456737636	-1.50333674149531	0.222290367907266	2.09850379353918	-6.16401859467757	3.68959373905266	0.392396665305984	7.34303374802161	0.106052780110969	-4.08410878606758	3.49712302642694	0.451612907633261	0.798027454485117	0.948559920899392	0.625199467970838	0.841164440806022
538	-1.98079133409221	-2.13211090762971	-1.60821965033717	0.499487308954951	1.78288273409996	-2.80188481459743	3.69260924717176	0.340005512461203	4.1310310959676	0.249705405438942	-2.51699885692048	4.35763698012313	0.388541677271997	0.21259344151097	0.656525306792226	0.213006688258506	0.621954473638872
144	-6.40128801803527	-7.26724617313265	-5.09885283907396	1.86212960489308	4.6948115769778	-8.36352892396016	12.4353087538992	0.804736668831703	13.4487714027838	0.357752081011711	-3.09753515539016	5.04246227212951	0.33402707198192	0.166551756862358	0.501638117070983	0.129031486668398	0.492170151850232
143	-1.80857990292979	-1.96983407989719	-1.06837690638716	0.759007586211437	2.58774193475787	-7.61046389787044	5.3670613908855	0.336684424509203	10.987273968594	0.214987238053352	-6.13167884127553	4.60949335072251	0.373958345503703	0.650793906521403	0.897683221910169	0.211717220327069	0.642754686868085
616	-2.43543978292832	-2.52038601274622	-2.20969945737987	0.306895969539851	2.72679284992793	-5.81936591377653	7.99055686927108	0.438584975990752	10.3585926563738	0.084584183047701	-3.73208991582527	6.24870340071893	0.453125004276134	0.494795119497135	0.849565637717563	0.550869371644518	0.811616687556519
128	-3.10696954363212	-3.08802271419018	-3.13609616478086	0.638712699468767	5.24847912726756	-9.58661810513469	11.8275585888471	0.866728253019968	14.5871011678219	0.108814626895609	-3.24868772625729	4.09129011189754	0.442247663970575	0.570694303605877	0.86830320068007	0.616164352772474	0.834944094393673
126	-2.4827409612292	-2.25864438014509	-2.89921618992045	-0.622917684445105	2.18826851148452	-5.67537262137059	3.75157067623884	0.3367985958864	6.49983620601095	-0.236907931106338	-5.31602847540942	2.9387278296864	0.375000012056322	0.22636173054726	0.668772163465626	0.218551864078458	0.627142085888195
155	-5.25699729245349	-5.46398158895081	-4.76514728581779	0.824383036165568	4.7214939731313	-10.2039657568197	9.54232686222446	0.695466898226831	13.6787419589968	0.15606430044223	-4.08655774347519	4.27946694918747	0.414151933059785	0.585529576644844	0.852615776790113	0.463123823916214	0.763823059992981
203	-4.87845045071485	-4.68570698838739	-5.19752711279701	-0.0396488492793345	5.04570766248487	-10.2722305235746	10.2003196985995	0.872307202807063	14.5196616666972	-0.00509755428147753	-3.78391874490729	3.94484183059988	0.498439126051356	0.683283563786592	0.909990020336717	0.783651341258274	0.905254930883654
92	-3.24985298652684	-3.54175993751009	-2.34753824077629	1.14799209231667	3.74044309240886	-6.74091516831679	9.09197312872798	0.680868468509949	12.0502701783147	0.255163564156633	-2.76901954351316	4.93453139609402	0.360416680354908	0.359300600126429	0.73761677642162	0.21092128238493	0.631719878775898
1082	-2.09411566352781	-2.11264143675419	-2.06553537252219	-0.0444543385260507	1.82489877228524	-6.03443723427814	3.09439056391194	0.267426765187281	6.54788590413649	-0.0246626256748328	-6.97854527401166	3.62446364672358	0.486458334558702	0.542427044831734	0.868809582038057	0.722472417904221	0.880224992560857
168	-5.20229856881361	-4.98439686842795	-5.5078426582474	-0.374025986796962	5.44786400109382	-11.1814194055235	9.76296878175645	0.836766200763492	14.4099719275735	-0.0677741781369559	-4.16398489435359	3.35950306253971	0.462018733936179	0.655422216239004	0.902689401211249	0.667399863495878	0.857129842766887
114	-6.22130746559483	-6.40170065300865	-5.89331244775106	0.400893869747955	5.89951564516667	-11.7946061094123	11.0398102084281	0.922284580022785	15.6091650866154	0.0686012864408669	-3.63209135576924	4.59665021044123	0.468262229722457	0.641871983444428	0.890138575757721	0.654234091414345	0.852536865227631
170	-6.20232873407314	-6.64026788532187	-5.38206329092712	1.3505552609745	5.55424205390028	-10.9863130445261	10.8064409628731	0.889633846660206	15.9458738246769	0.223787711868188	-3.06264078927458	4.44652848718817	0.389583343829337	0.380682568029869	0.750131752798717	0.291243204853095	0.654604952410116
161	-4.16333355135851	-4.46675481175798	-3.63498747943369	0.865256704402661	5.07566157605076	-9.13582584384048	10.2459106396945	0.816013440414182	14.2136739803772	0.156712382347086	-3.28151813079223	4.30682545805766	0.413541674725395	0.442949774346317	0.793501988039799	0.42522551898625	0.761340880652184
175	-2.30821414455029	-2.24016936999503	-2.37805714162161	-0.130780920935296	2.18147203320984	-6.54754238150001	3.85221250533485	0.416715061689613	7.39826290547098	-0.0475816115605587	-4.71328925452468	3.70921997538514	0.477627473406795	0.475659432303843	0.843469384753045	0.706477622428778	0.872627422534126
209	-3.76876448432777	-3.79882127449571	-3.65994942162414	0.307794176110104	4.19792302995794	-7.87487098213949	9.33755189149768	0.53502647720118	12.7440833688278	0.0684840814932987	-4.04831046128468	4.7420924376	0.458896986044232	0.629602301246051	0.886641731405839	0.672297953959484	0.858021934791896
183	-2.67914519984137	-2.42214023377744	-3.05561241152072	-0.7889297580259	2.77533075468842	-8.30167551181601	3.49372733878885	0.463211980833558	9.23052849937064	-0.241915883997525	-6.2043890814136	2.2444691396824	0.366285132662075	0.0886325611126689	0.484188730429169	0.192341330296977	0.603037602043378
160	-3.30939362125973	-3.70399401666815	-2.53859979925668	1.03958143967385	3.00494712305336	-5.6027035398172	8.27551074124868	0.527045216640916	10.2343659321611	0.295656574876082	-2.7704246310348	4.75869590872414	0.341311150158265	0.21710870308659	0.627415286644489	0.142994347905966	0.540979791827456
634	-4.24449665158471	-4.66055830422097	-3.22589880034467	1.20460118769417	4.04809595658418	-8.25827159764649	9.62234388584933	0.621074696077851	12.3638035337006	0.259322977603395	-3.46703465895644	5.56643896838672	0.368750012746237	0.30947526501889	0.708015366977759	0.196325875322056	0.615154824995343
162	-3.69767347945552	-3.90040259340458	-3.01350266415423	0.907094572555471	3.62395912538386	-6.8172783885831	9.99095576077637	0.572420517383066	11.5260328470082	0.193396098330468	-3.68974382770493	5.36892081113873	0.393750010061731	0.384141034413749	0.751120605456187	0.293817930618427	0.685860197450292
1477	-5.45695504775104	-5.92242247791203	-4.63356875278023	0.950118162578612	4.92843777477996	-9.84780742773137	11.9759899133732	0.769741622609833	14.5337214263399	0.17103923281931	-4.16868128480569	4.34901093083443	0.412070767812833	0.46213189663308	0.800534101011507	0.440213317465352	0.758386373959361
184	-4.4860912576146	-4.71459651157313	-3.77782164135405	1.14273014683319	4.49251927814294	-9.82518023151632	9.34371931766454	0.633157553745014	13.6533692129982	0.197979311758084	-4.86348833972827	5.18997489317445	0.382934454464211	0.51856318402421	0.825929178517736	0.26776967362829	0.66285658962358
207	-6.05289761474947	-6.66560041864748	-4.98061679431516	1.68481381288471	4.87378332908765	-9.09126734898852	12.7856049452017	0.873132826913028	14.2048280131225	0.293593406770562	-2.67725390575868	4.5388868320393	0.353798141376928	0.187137985126126	0.550755975166685	0.146493783269436	0.493076039224809
1046	-6.29454719793576	-6.69738260924767	-5.53657913205569	1.01792427259609	5.08932714779155	-10.2875072364762	11.3464497135978	0.905107049622636	15.2162001641522	0.185985138399647	-3.71842039157613	4.27639199727009	0.407908437321701	0.512705307687765	0.808905561385666	0.38943445127164	0.709633353187311
261	-3.32785732733231	-3.55193435776566	-2.83783864165931	0.817352722746028	2.55951425010969	-5.17281516933797	5.70484750852262	0.438597312308747	8.11526802532699	0.281107200636859	-3.79064598010644	4.36322931506336	0.359001054404846	0.370558294592695	0.748547868648945	0.208290611983551	0.598292584579573
268	-6.8917836865126	-7.51834317913736	-6.02130423991468	1.09605700959238	4.19927234966549	-9.58496618011071	10.484475786735	0.676320295268189	14.2969965921656	0.229716546499315	-3.6776228201582	5.16107683113623	0.380208344824797	0.368688534728028	0.715201275346246	0.287088623964445	0.632550934606738
